1 0.617977 0.398281 0.051953 0.069250
1 0.709969 0.428586 0.058437 0.077922
1 0.886375 0.463211 0.060594 0.086578
1 0.057867 0.491437 0.060391 0.074875
1 0.348930 0.414148 0.062797 0.060391
1 0.412937 0.398445 0.055563 0.072453
0 0.874461 0.188313 0.078141 0.073375
3 0.499898 0.631531 0.060391 0.074875
3 0.462453 0.638781 0.067625 0.050719
2 0.885156 0.334430 0.178750 0.388891
2 0.900859 0.381539 0.113531 0.309172
2 0.667766 0.303039 0.169094 0.282609
2 0.462461 0.310273 0.135266 0.224641
2 0.381539 0.315109 0.118359 0.210156
2 0.255406 0.357141 0.155625 0.268625
2 0.171102 0.324680 0.290047 0.346109
0 0.919914 0.073594 0.121422 0.112344
0 0.664398 0.122297 0.086578 0.084625
0 0.465367 0.176516 0.073797 0.097406
0 0.400437 0.161258 0.073812 0.088953
0 0.265148 0.182898 0.084641 0.075984
0 0.145023 0.117969 0.095453 0.088531
1 0.524906 0.411273 0.038969 0.051953
6 0.146805 0.430789 0.207328 0.753078
1 0.298203 0.449164 0.048313 0.086953
4 0.390703 0.189406 0.073594 0.032469
6 0.917211 0.436961 0.128391 0.750609
6 0.257969 0.403625 0.098813 0.565438
6 0.656719 0.377703 0.204937 0.592594
6 0.472758 0.394984 0.113578 0.528406
6 0.391242 0.376437 0.093766 0.525875
1 0.235406 0.482984 0.057969 0.062812
3 0.885156 0.759555 0.106281 0.084547
3 0.684680 0.639992 0.062797 0.053141
3 0.624289 0.641195 0.072453 0.055547
