2 0.829117 0.676297 0.134203 0.292219
3 0.630953 0.810930 0.040906 0.034641
3 0.587555 0.806602 0.054109 0.051953
3 0.541016 0.803359 0.034625 0.032469
3 0.509633 0.797945 0.045453 0.030297
3 0.461039 0.796859 0.039172 0.041125
0 0.712016 0.508766 0.064938 0.056281
0 0.814937 0.505406 0.071219 0.058219
0 0.925320 0.504328 0.062547 0.060813
3 0.338750 0.779219 0.041344 0.025750
3 0.380953 0.784953 0.038750 0.034625
3 0.412344 0.789281 0.041344 0.034625
3 0.962117 0.795781 0.062547 0.064938
2 0.077813 0.658117 0.086594 0.207797
2 0.113641 0.635281 0.058656 0.227063
2 0.149352 0.648164 0.073797 0.209953
2 0.201297 0.655844 0.099344 0.194594
0 0.687227 0.515148 0.062547 0.052172
2 0.250977 0.638523 0.069266 0.216672
2 0.287773 0.659094 0.086578 0.218406
2 0.319266 0.662336 0.067313 0.250859
2 0.360391 0.679656 0.114500 0.255625
2 0.400328 0.655844 0.064938 0.281594
2 0.444914 0.667641 0.093078 0.287875
2 0.540156 0.680734 0.097406 0.279000
2 0.623273 0.678469 0.095234 0.279219
0 0.606062 0.516125 0.052156 0.054125
0 0.583336 0.502273 0.054328 0.051953
2 0.589828 0.671102 0.067312 0.277047
0 0.525969 0.520453 0.065156 0.067094
0 0.444805 0.498914 0.053891 0.036578
0 0.374453 0.504438 0.065156 0.064938
0 0.355086 0.529117 0.060609 0.054109
0 0.305195 0.512984 0.039172 0.047844
0 0.283656 0.536797 0.056281 0.047406
0 0.242531 0.508766 0.043281 0.047625
0 0.204430 0.537773 0.045453 0.054109
0 0.191453 0.527055 0.049781 0.053891
0 0.142859 0.522727 0.047406 0.045234
0 0.104984 0.500000 0.041344 0.038750
0 0.069266 0.528141 0.043500 0.038750
2 0.721859 0.675320 0.110594 0.290266
6 0.927477 0.644039 0.145047 0.362141
6 0.821000 0.661539 0.117281 0.364203
6 0.722234 0.659477 0.129625 0.347734
6 0.612148 0.655367 0.123453 0.347734
6 0.514414 0.645070 0.055547 0.306578
6 0.446516 0.650219 0.076125 0.329219
6 0.358039 0.656391 0.088484 0.325094
6 0.291172 0.631695 0.065844 0.230453
6 0.200625 0.634789 0.065844 0.257203
6 0.124492 0.620383 0.057609 0.244859
6 0.071000 0.622445 0.086406 0.281891
3 0.786687 0.818500 0.058437 0.049781
3 0.744586 0.815258 0.065141 0.038953
3 0.864609 0.827164 0.054125 0.041141
3 0.691453 0.810930 0.049781 0.047609
3 0.891883 0.794695 0.069266 0.054109
