6 0.904711 0.533547 0.190578 0.599344
8 0.341883 0.314937 0.164516 0.097187
8 0.632031 0.310500 0.181594 0.106062
6 0.703461 0.504219 0.450422 0.636375
6 0.367969 0.510719 0.476406 0.640687
5 0.324086 0.615242 0.325109 0.427984
5 0.721227 0.575109 0.390984 0.355969
5 0.942906 0.596719 0.114188 0.279844
7 0.938367 0.406930 0.123266 0.242641
9 0.933930 0.775000 0.132141 0.147188
7 0.651617 0.316344 0.216453 0.227281
8 0.945836 0.400438 0.108328 0.108438
9 0.459953 0.666563 0.149125 0.173156
9 0.498914 0.675219 0.166891 0.147187
9 0.663422 0.780297 0.153469 0.114937
7 0.342969 0.314930 0.205625 0.209734
