1 0.488055 0.597586 0.055609 0.090453
4 0.499977 0.481727 0.104766 0.039672
1 0.725383 0.609508 0.073016 0.066672
1 0.810297 0.626164 0.103188 0.080953
1 0.405539 0.585695 0.074609 0.073016
2 0.819023 0.569023 0.165078 0.179359
2 0.645219 0.530133 0.201594 0.180953
2 0.353172 0.531680 0.189000 0.136516
2 0.488867 0.591250 0.136516 0.122219
2 0.211883 0.523789 0.211109 0.136516
0 0.504742 0.456336 0.098422 0.080953
0 0.782523 0.457125 0.133328 0.063500
0 0.615859 0.411125 0.168281 0.111187
0 0.387289 0.424578 0.126984 0.077781
0 0.196813 0.391250 0.161906 0.103188
6 0.208477 0.482719 0.253234 0.302156
6 0.374672 0.514383 0.168344 0.279141
6 0.490492 0.517258 0.143891 0.238859
6 0.802727 0.546750 0.172672 0.271938
6 0.617117 0.494234 0.247484 0.290656
5 0.594812 0.423734 0.079125 0.025906
5 0.767469 0.489203 0.061875 0.027344
5 0.399844 0.451070 0.060438 0.034547
