3 0.311742 0.838484 0.037047 0.129625
6 0.914656 0.656219 0.170688 0.671594
6 0.731773 0.582141 0.120984 0.572844
6 0.330539 0.624125 0.133328 0.602469
6 0.474984 0.606836 0.185188 0.770359
6 0.589805 0.579672 0.103703 0.409875
0 0.335406 0.393016 0.067906 0.090531
0 0.483555 0.299398 0.088484 0.084359
0 0.584375 0.433141 0.034969 0.034969
0 0.720172 0.361117 0.063781 0.072016
0 0.954742 0.396102 0.076141 0.080234
2 0.332320 0.549398 0.115234 0.242797
2 0.472234 0.635820 0.197531 0.415641
2 0.589516 0.544250 0.078188 0.170781
2 0.721203 0.520586 0.135812 0.205766
2 0.926445 0.628617 0.147109 0.298359
3 0.372438 0.833344 0.051437 0.123469
3 0.682109 0.784984 0.037031 0.092594
3 0.741781 0.781906 0.061719 0.135813
