2 0.357141 0.707789 0.195031 0.159953
2 0.413422 0.643828 0.194594 0.166656
2 0.408008 0.521641 0.088953 0.090688
2 0.519477 0.403570 0.095016 0.145016
6 0.412336 0.501078 0.127484 0.140469
6 0.405844 0.385391 0.114500 0.173156
6 0.398273 0.627602 0.233984 0.251078
6 0.359305 0.728359 0.199359 0.231813
6 0.439289 0.462125 0.142859 0.387656
6 0.524891 0.450219 0.114500 0.333125
6 0.623484 0.454547 0.129875 0.398063
6 0.640687 0.324781 0.090688 0.212125
6 0.688312 0.483875 0.121000 0.443719
6 0.866883 0.465367 0.166453 0.419703
2 0.648164 0.333328 0.062766 0.090687
2 0.451187 0.414609 0.084406 0.149344
0 0.371211 0.556273 0.097609 0.077703
2 0.679648 0.467641 0.095016 0.203469
2 0.864719 0.489180 0.149562 0.251297
2 0.619047 0.426406 0.121000 0.185937
0 0.380953 0.469695 0.073375 0.065141
0 0.389609 0.317102 0.069469 0.054328
0 0.415586 0.305195 0.069047 0.073797
0 0.510930 0.316016 0.051953 0.052156
0 0.555305 0.311688 0.054109 0.052156
0 0.602812 0.309523 0.079875 0.073797
0 0.655844 0.284633 0.073375 0.066891
0 0.688312 0.316016 0.069469 0.082031
0 0.848484 0.313852 0.103688 0.116672
