6 0.225109 0.503250 0.129656 0.469906
6 0.335500 0.486906 0.064719 0.385281
6 0.397187 0.633117 0.162125 0.651297
6 0.549789 0.540047 0.078141 0.465156
6 0.674352 0.622289 0.136359 0.487234
0 0.362680 0.323789 0.030172 0.041266
0 0.444187 0.321891 0.054125 0.067469
0 0.481563 0.403914 0.039687 0.044453
0 0.544875 0.413984 0.039688 0.044438
0 0.688063 0.424055 0.049812 0.044453
2 0.238398 0.439133 0.094891 0.182672
2 0.347031 0.441320 0.050312 0.123766
2 0.488063 0.498875 0.061750 0.123750
2 0.565016 0.489531 0.094875 0.123750
0 0.254742 0.304742 0.039672 0.044453
2 0.391688 0.533398 0.102125 0.270516
2 0.667875 0.561469 0.094875 0.197125
