7 0.267312 0.288953 0.166438 0.166875
7 0.148203 0.401531 0.296406 0.283813
8 0.285711 0.300859 0.103672 0.073812
8 0.428570 0.296539 0.077703 0.047828
8 0.235930 0.425320 0.116672 0.053891
7 0.409094 0.281711 0.108437 0.110391
7 0.885336 0.396102 0.229328 0.264297
6 0.184961 0.532469 0.365797 0.605844
9 0.466453 0.435172 0.071219 0.064938
9 0.394047 0.515148 0.138531 0.077703
6 0.279219 0.364719 0.337438 0.400219
9 0.745781 0.591016 0.196969 0.125531
9 0.715367 0.659203 0.110172 0.106062
6 0.800812 0.547617 0.398375 0.636141
6 0.417641 0.324672 0.246750 0.320125
4 0.838742 0.435063 0.144797 0.082031
5 0.169914 0.593078 0.313641 0.467750
