6 0.482305 0.576664 0.113141 0.380359
0 0.149258 0.400844 0.042859 0.030156
0 0.276242 0.396078 0.052391 0.039688
0 0.229414 0.419898 0.031734 0.026984
0 0.484172 0.415922 0.052375 0.038094
0 0.374656 0.413539 0.039687 0.033328
0 0.605602 0.385766 0.063484 0.038094
0 0.669891 0.423859 0.033344 0.025406
6 0.383594 0.532133 0.074625 0.291297
6 0.159719 0.557406 0.069813 0.341844
6 0.292117 0.581484 0.108328 0.428500
6 0.060000 0.591109 0.120000 0.495906
2 0.162180 0.498148 0.077703 0.113672
2 0.544187 0.481602 0.038844 0.060422
2 0.672969 0.494547 0.069062 0.094969
5 0.014180 0.651242 0.028359 0.046047
2 0.385766 0.511164 0.052375 0.104766
2 0.480211 0.518305 0.079359 0.128578
2 0.612742 0.521477 0.119047 0.122234
5 0.124773 0.617430 0.048922 0.050359
5 0.347070 0.603039 0.044609 0.050359
2 0.906398 0.508781 0.185703 0.204750
5 0.235562 0.596570 0.034531 0.048922
6 0.677281 0.482898 0.094969 0.143891
5 0.487352 0.441164 0.043172 0.011516
6 0.388078 0.536852 0.100719 0.277703
5 0.606062 0.412398 0.056125 0.017266
6 0.158578 0.544047 0.105031 0.375531
6 0.065977 0.585773 0.131953 0.464734
6 0.613977 0.592961 0.149641 0.482016
6 0.486633 0.571383 0.122297 0.381297
6 0.291672 0.574258 0.135250 0.421578
6 0.871734 0.559156 0.256531 0.661875
6 0.870500 0.550188 0.245250 0.659625
6 0.678523 0.528531 0.091422 0.327375
6 0.606281 0.597133 0.120375 0.474234
0 0.095289 0.407992 0.049203 0.034922
5 0.757141 0.818867 0.079125 0.128047
0 0.857195 0.270680 0.157141 0.087297
0 0.038148 0.384977 0.065078 0.042859
2 0.065133 0.525445 0.128578 0.142859
5 0.039875 0.418867 0.057562 0.018703
5 0.281602 0.423180 0.037422 0.015828
2 0.289734 0.516719 0.101594 0.125406
