7 0.485227 0.389773 0.073609 0.031547
5 0.276172 0.543633 0.161906 0.188891
5 0.500773 0.519820 0.144453 0.173016
5 0.731727 0.603953 0.203172 0.268250
10 0.548312 0.775305 0.063094 0.052578
10 0.472961 0.775305 0.063078 0.052578
10 0.301219 0.768297 0.063094 0.052562
10 0.245195 0.763039 0.063078 0.052578
9 0.672742 0.754281 0.049078 0.049062
9 0.562336 0.605320 0.049078 0.049078
9 0.429148 0.610578 0.049078 0.049063
9 0.346836 0.600062 0.049078 0.049063
8 0.716547 0.412547 0.045563 0.021031
8 0.481719 0.412547 0.045562 0.021031
8 0.273234 0.417812 0.045562 0.021031
7 0.737586 0.379258 0.073609 0.031547
7 0.276742 0.398539 0.073609 0.031547
6 0.744594 0.613203 0.205031 0.520469
6 0.499250 0.581672 0.205031 0.443344
6 0.268852 0.587797 0.205047 0.417094
