7 0.501586 0.220633 0.087297 0.063484
5 0.501594 0.690477 0.153969 0.185703
5 0.610297 0.330937 0.153969 0.185719
1 0.558727 0.484125 0.055547 0.077781
1 0.588078 0.400773 0.055563 0.077766
9 0.345219 0.769820 0.055563 0.031734
9 0.376188 0.796828 0.055563 0.031750
10 0.271414 0.872203 0.104766 0.046031
10 0.258727 0.931750 0.104766 0.046031
10 0.719047 0.684125 0.104750 0.046031
10 0.775375 0.690492 0.106375 0.074641
7 0.421414 0.577758 0.087297 0.063484
6 0.383313 0.756328 0.420625 0.439687
6 0.626961 0.436484 0.428578 0.568250
