0 0.839523 0.531906 0.150203 0.113156
6 0.347328 0.519711 0.659250 0.960578
6 0.784367 0.293750 0.234578 0.360500
6 0.858234 0.708570 0.283531 0.483953
0 0.198570 0.129617 0.259266 0.156422
0 0.765445 0.182109 0.096703 0.067906
2 0.323055 0.647133 0.594641 0.648141
2 0.791164 0.345695 0.144047 0.213984
2 0.902781 0.755156 0.194438 0.304531
1 0.330258 0.840547 0.267484 0.166656
1 0.497977 0.812750 0.211891 0.279813
1 0.937258 0.828195 0.111109 0.084359
1 0.784992 0.397125 0.098766 0.065844
1 0.839516 0.389930 0.055563 0.059672
