6 0.120133 0.665586 0.227484 0.465578
6 0.178570 0.522727 0.197172 0.356922
6 0.332359 0.561797 0.162344 0.482687
6 0.504438 0.544367 0.220781 0.356922
6 0.448047 0.329000 0.147406 0.172937
6 0.765148 0.455625 0.209734 0.465594
2 0.442828 0.418992 0.101594 0.133266
2 0.457914 0.598391 0.157141 0.298406
2 0.315062 0.629344 0.182531 0.322219
2 0.159508 0.588078 0.163484 0.239687
2 0.124586 0.737289 0.236516 0.246047
0 0.720617 0.249984 0.066672 0.055563
0 0.572992 0.423789 0.142859 0.136516
0 0.461086 0.302359 0.119047 0.087312
0 0.311086 0.386484 0.126984 0.100000
0 0.172992 0.392836 0.158734 0.119047
0 0.055531 0.515852 0.107937 0.114297
