7 0.203086 0.158445 0.199766 0.106891
6 0.638617 0.536102 0.376766 0.913016
6 0.364359 0.586234 0.220813 0.827531
5 0.365437 0.465766 0.214687 0.274562
5 0.635609 0.567258 0.331500 0.530109
5 0.228891 0.425602 0.125594 0.290609
9 0.367859 0.664906 0.091125 0.094625
9 0.695523 0.806852 0.091141 0.094641
10 0.211023 0.850664 0.082359 0.077109
10 0.269680 0.883070 0.089359 0.096359
10 0.411625 0.952937 0.089375 0.094125
10 0.325758 0.945289 0.089359 0.096359
8 0.546617 0.196125 0.098141 0.026281
8 0.302977 0.232047 0.098141 0.026281
8 0.182055 0.209266 0.098141 0.026281
7 0.571148 0.143555 0.199766 0.106891
7 0.350297 0.181227 0.199781 0.106891
6 0.184734 0.349461 0.208531 0.508203
