2 0.391313 0.431000 0.146031 0.252375
0 0.899250 0.438117 0.082563 0.076234
0 0.385766 0.253219 0.122219 0.061906
1 0.524656 0.291312 0.082531 0.061906
5 0.870750 0.573633 0.035219 0.051797
5 0.902828 0.605758 0.035219 0.051797
5 0.776437 0.265961 0.035219 0.051797
5 0.724641 0.236961 0.035219 0.051797
6 0.406641 0.506305 0.321094 0.654734
6 0.766125 0.263883 0.136750 0.207203
6 0.916211 0.512516 0.167578 0.248625
0 0.753906 0.176156 0.065312 0.038250
3 0.431008 0.791320 0.095234 0.042859
3 0.342906 0.818305 0.115875 0.039672
5 0.403531 0.281492 0.103594 0.026922
1 0.349258 0.207188 0.052391 0.039688
2 0.936555 0.523062 0.119047 0.109531
