7 0.785711 0.188891 0.174609 0.074594
8 0.248391 0.267437 0.115875 0.036500
8 0.512703 0.307937 0.115875 0.036500
8 0.773016 0.241273 0.115875 0.036516
9 0.250773 0.596805 0.085703 0.085703
9 0.448391 0.599187 0.084125 0.087312
9 0.576187 0.596820 0.084125 0.087297
9 0.604766 0.357141 0.084125 0.087312
5 0.226969 0.496805 0.269844 0.295234
6 0.840875 0.536508 0.318250 0.785703
7 0.206328 0.192836 0.174594 0.074609
7 0.507937 0.252383 0.174594 0.074609
6 0.531750 0.536508 0.338094 0.785703
6 0.205531 0.532516 0.338094 0.785719
5 0.784898 0.464266 0.309516 0.287312
5 0.512680 0.519031 0.241266 0.298406
