9 0.838094 0.561906 0.061906 0.079375
9 0.688891 0.553969 0.061906 0.079375
9 0.603172 0.538094 0.061906 0.079375
9 0.452375 0.555555 0.061906 0.079359
9 0.349203 0.531742 0.061906 0.079359
9 0.180141 0.528555 0.061906 0.079359
8 0.768258 0.238094 0.080953 0.020625
8 0.541273 0.233336 0.080953 0.020641
8 0.270617 0.200773 0.080953 0.020641
7 0.768250 0.206352 0.115875 0.034922
7 0.534922 0.207930 0.115875 0.034922
10 0.795234 0.828578 0.082531 0.046031
6 0.800000 0.504766 0.277781 0.698406
6 0.519047 0.525398 0.277781 0.698422
6 0.251563 0.507914 0.277781 0.698422
7 0.273789 0.179352 0.115859 0.034922
10 0.725398 0.830156 0.082547 0.046031
10 0.561906 0.830156 0.082531 0.046031
10 0.477773 0.830156 0.082547 0.046031
10 0.296828 0.828578 0.082531 0.046031
10 0.198391 0.826172 0.082531 0.046031
5 0.759500 0.427758 0.122219 0.268266
5 0.532523 0.423789 0.128578 0.266672
5 0.263469 0.406328 0.161906 0.279375
