2 0.170891 0.837773 0.238094 0.307359
2 0.668828 0.583336 0.498062 0.669047
0 0.197078 0.624461 0.138531 0.110172
0 0.155734 0.282469 0.103906 0.062563
6 0.667711 0.478406 0.572016 0.932094
6 0.173359 0.740750 0.346719 0.419750
6 0.189313 0.389930 0.216062 0.310703
1 0.696969 0.773055 0.302813 0.266234
1 0.573594 0.774133 0.229219 0.281391
1 0.203359 0.909414 0.164500 0.088734
1 0.150430 0.904008 0.158234 0.103891
1 0.215367 0.480844 0.114922 0.097406
1 0.160172 0.485859 0.078125 0.080156
0 0.644047 0.071539 0.244594 0.142859
2 0.178570 0.426516 0.171203 0.203469
