10 0.728820 0.775305 0.061328 0.049078
9 0.390594 0.554492 0.071844 0.056078
9 0.730570 0.549242 0.071859 0.056078
5 0.712680 0.449984 0.120641 0.192062
5 0.283312 0.520617 0.249219 0.190484
6 0.357352 0.573773 0.459141 0.522234
6 0.728867 0.543109 0.213797 0.569531
7 0.279281 0.351133 0.114094 0.063266
7 0.702531 0.286375 0.114094 0.063250
8 0.288133 0.376633 0.075359 0.033297
8 0.697273 0.314414 0.075359 0.033297
10 0.524711 0.797219 0.096391 0.071844
10 0.670164 0.764797 0.061328 0.049063
9 0.281117 0.565016 0.071859 0.056094
