2 0.666641 0.500773 0.133281 0.242859
4 0.460297 0.311898 0.082531 0.065047
0 0.022969 0.557953 0.045937 0.077844
0 0.238070 0.425375 0.066672 0.066656
0 0.443633 0.269031 0.087297 0.068250
6 0.554008 0.601734 0.363641 0.727062
6 0.419914 0.573594 0.151297 0.290250
6 0.307250 0.649352 0.251094 0.501953
6 0.123375 0.744594 0.237875 0.493719
0 0.615062 0.320617 0.077781 0.088891
0 0.392047 0.457125 0.038094 0.038094
6 0.687227 0.546539 0.266016 0.525766
2 0.288078 0.591250 0.144437 0.201594
2 0.121406 0.815078 0.239687 0.347656
2 0.423000 0.599187 0.106344 0.185719
2 0.561883 0.649188 0.279359 0.444438
