1 0.569266 0.633117 0.121000 0.179859
3 0.692641 0.880953 0.155625 0.168625
3 0.606172 0.822406 0.155844 0.129875
3 0.109414 0.617859 0.101734 0.123375
2 0.670992 0.456711 0.380734 0.874672
2 0.495672 0.295344 0.290250 0.469688
2 0.137445 0.480523 0.222734 0.407141
0 0.580195 0.151516 0.207797 0.268187
0 0.397187 0.227273 0.149562 0.190266
0 0.188312 0.285719 0.108438 0.121000
1 0.246648 0.374453 0.095234 0.073812
1 0.393836 0.389609 0.095234 0.121000
1 0.305195 0.470781 0.108016 0.067312
1 0.420023 0.583328 0.086578 0.131813
6 0.649094 0.480375 0.343625 0.927969
6 0.449516 0.251984 0.277781 0.397125
6 0.154242 0.467000 0.226328 0.514406
