6 0.876969 0.579187 0.128406 0.400000
5 0.861406 0.545383 0.179656 0.225109
5 0.143875 0.548633 0.164500 0.205641
5 0.266164 0.571359 0.153672 0.268406
5 0.667680 0.529148 0.194797 0.487016
5 0.418766 0.464219 0.238094 0.335500
3 0.380648 0.796477 0.049422 0.108641
9 0.770797 0.544617 0.069125 0.079016
9 0.337461 0.549555 0.046922 0.079016
8 0.672031 0.239687 0.049375 0.032094
7 0.393023 0.248320 0.093828 0.088891
7 0.676961 0.226102 0.088891 0.103703
8 0.402898 0.253266 0.074078 0.024688
6 0.664625 0.523633 0.212344 0.674078
6 0.165875 0.595266 0.192625 0.397594
6 0.410305 0.521164 0.266672 0.664203
5 0.952891 0.538898 0.094219 0.290047
10 0.646102 0.832273 0.051859 0.091359
10 0.725117 0.802648 0.091359 0.101234
3 0.452273 0.779195 0.083953 0.108641
