3 0.318234 0.915859 0.058719 0.123813
0 0.267437 0.031727 0.068250 0.060328
0 0.414266 0.158711 0.088875 0.136516
0 0.567445 0.285695 0.087297 0.126984
0 0.842047 0.228555 0.093656 0.104766
2 0.142047 0.258711 0.268250 0.419047
2 0.303906 0.346844 0.245937 0.319125
2 0.464297 0.511891 0.233281 0.357156
2 0.701555 0.519023 0.298422 0.365078
2 0.843633 0.792836 0.293641 0.395234
3 0.169820 0.780930 0.069828 0.136516
3 0.099188 0.762680 0.061906 0.134922
3 0.023789 0.674586 0.041266 0.136516
3 0.245219 0.848391 0.087312 0.112687
6 0.165586 0.383227 0.313641 0.757578
6 0.295563 0.473922 0.253250 0.722937
6 0.499023 0.573484 0.244578 0.735938
6 0.718617 0.546539 0.380734 0.824891
