5 0.193633 0.399977 0.104766 0.190484
5 0.455539 0.424586 0.158734 0.182547
6 0.458938 0.520344 0.310031 0.564312
10 0.027016 0.567648 0.050812 0.078859
10 0.357305 0.628102 0.050828 0.078859
10 0.360805 0.740258 0.050828 0.078859
10 0.515023 0.750773 0.050828 0.078859
10 0.734078 0.736758 0.050812 0.078859
10 0.569344 0.635117 0.050812 0.078859
10 0.667484 0.600062 0.050812 0.078875
10 0.804172 0.764789 0.050812 0.078859
10 0.776133 0.687680 0.050828 0.078859
10 0.271484 0.656148 0.070094 0.052578
7 0.202258 0.249570 0.071859 0.035047
7 0.457188 0.261836 0.071844 0.035047
7 0.520281 0.242563 0.071844 0.035062
7 0.678000 0.244320 0.071844 0.035047
7 0.763867 0.272352 0.071859 0.035047
8 0.225039 0.282000 0.036797 0.019281
8 0.690266 0.277609 0.036813 0.019281
6 0.155016 0.467758 0.310031 0.485422
6 0.833969 0.510664 0.310031 0.558984
5 0.661086 0.380133 0.119047 0.173016
