5 0.332289 0.575094 0.300422 0.343625
5 0.872414 0.552453 0.117297 0.195469
5 0.641961 0.516445 0.117297 0.181078
6 0.888898 0.579234 0.201641 0.473250
6 0.646109 0.580266 0.209875 0.434156
6 0.327172 0.526758 0.366250 0.574078
9 0.929023 0.620383 0.047328 0.074078
9 0.672852 0.471211 0.041141 0.059672
9 0.724289 0.471203 0.016453 0.051437
9 0.524703 0.541164 0.074062 0.096703
9 0.338492 0.543219 0.080234 0.092594
8 0.914617 0.416680 0.022641 0.024703
8 0.646102 0.419766 0.045266 0.018531
8 0.354953 0.341570 0.092594 0.043203
7 0.891984 0.402281 0.080250 0.078188
7 0.643023 0.402273 0.059672 0.074078
7 0.333344 0.309680 0.172844 0.127578
