8 0.501859 0.147789 0.102875 0.032578
3 0.506391 0.832141 0.164500 0.145031
7 0.291812 0.116914 0.142313 0.138891
7 0.489000 0.119492 0.197187 0.099453
7 0.706766 0.145211 0.135469 0.123453
8 0.302961 0.148641 0.096016 0.051438
5 0.699023 0.404766 0.255422 0.350438
8 0.698195 0.165789 0.094297 0.048016
9 0.253234 0.254953 0.075438 0.106312
9 0.506148 0.543875 0.084016 0.084031
9 0.793359 0.254953 0.065156 0.106312
6 0.268672 0.429844 0.260625 0.775031
6 0.484719 0.446133 0.209188 0.742453
6 0.711055 0.446992 0.260641 0.754453
3 0.423055 0.782461 0.110391 0.119266
5 0.284633 0.354977 0.227484 0.303234
5 0.494594 0.387336 0.270781 0.411266
