3 0.369328 0.686203 0.045281 0.092594
0 0.363156 0.379617 0.057625 0.055547
0 0.568922 0.395047 0.041156 0.041156
6 0.467328 0.535227 0.145687 0.918516
6 0.645117 0.622859 0.180234 0.753031
0 0.252039 0.383734 0.045266 0.039094
6 0.243875 0.541406 0.143219 0.441969
6 0.369805 0.540172 0.113578 0.414813
3 0.680023 0.882703 0.098766 0.156375
3 0.604930 0.898133 0.047328 0.109047
3 0.422828 0.968094 0.102875 0.059656
2 0.251016 0.511305 0.080250 0.166672
2 0.382703 0.506164 0.063781 0.152266
2 0.452656 0.418711 0.104937 0.393016
2 0.641961 0.487641 0.125516 0.271594
3 0.225297 0.712953 0.061719 0.055563
3 0.280852 0.684148 0.049391 0.072016
3 0.492781 0.906359 0.102875 0.092594
