2 0.875461 0.570680 0.238141 0.226984
6 0.157695 0.551578 0.248203 0.539562
0 0.542906 0.442117 0.103188 0.128578
0 0.184180 0.313539 0.112703 0.074609
0 0.731008 0.380211 0.057141 0.074609
0 0.780211 0.404016 0.111109 0.077781
2 0.335734 0.512766 0.288844 0.196781
5 0.513203 0.479625 0.047969 0.055156
6 0.859719 0.567758 0.280562 0.442453
2 0.563609 0.453547 0.302156 0.194250
6 0.391500 0.604328 0.454438 0.465219
2 0.179414 0.532594 0.176203 0.300000
5 0.189469 0.369320 0.081531 0.031172
5 0.709242 0.435266 0.044359 0.052750
5 0.786586 0.460445 0.103109 0.045578
1 0.535766 0.712750 0.079375 0.092063
1 0.461156 0.721477 0.069844 0.068266
1 0.185758 0.630211 0.049203 0.066672
1 0.077031 0.719094 0.060312 0.098406
