0 0.788937 0.105609 0.242844 0.144437
1 0.113539 0.439734 0.149203 0.206344
1 0.429414 0.425445 0.152391 0.187297
2 0.223070 0.645289 0.387297 0.598422
1 0.856398 0.673070 0.149203 0.196828
1 0.487352 0.611164 0.134922 0.165078
5 0.742750 0.192969 0.125187 0.047469
6 0.243477 0.487211 0.453234 0.926609
6 0.734117 0.480016 0.482016 0.897844
6 0.256461 0.487867 0.447703 0.922078
6 0.759695 0.496289 0.447703 0.922078
2 0.762750 0.611953 0.374594 0.595250
5 0.239156 0.203039 0.133813 0.044609
0 0.234180 0.106398 0.158734 0.136516
