8 0.951078 0.295578 0.027562 0.012625
6 0.726328 0.343602 0.060531 0.170672
5 0.371383 0.444430 0.193422 0.271609
5 0.585375 0.481469 0.181062 0.214000
5 0.858008 0.374469 0.076141 0.119344
5 0.974789 0.395047 0.050422 0.156375
5 0.063266 0.352867 0.126531 0.203703
5 0.215008 0.405336 0.139922 0.218109
6 0.768000 0.348070 0.044625 0.157766
7 0.575109 0.297336 0.090531 0.059672
7 0.396109 0.253094 0.119344 0.107000
7 0.224289 0.231492 0.076141 0.067891
7 0.030359 0.203711 0.060719 0.074078
7 0.862156 0.289109 0.051437 0.055563
7 0.945484 0.289102 0.037031 0.034984
8 0.033719 0.224734 0.044656 0.015875
8 0.231875 0.256781 0.048625 0.016875
8 0.573719 0.321781 0.057563 0.027781
8 0.863789 0.296445 0.025266 0.014359
6 0.844422 0.414062 0.100219 0.293719
9 0.835078 0.416750 0.025281 0.027563
9 0.874414 0.422203 0.017797 0.038469
9 0.923516 0.388602 0.036750 0.025266
6 0.202406 0.404141 0.143875 0.406844
3 0.840453 0.512297 0.048625 0.049625
3 0.813164 0.518250 0.033734 0.045656
9 0.235156 0.464172 0.060531 0.040687
9 0.660352 0.586227 0.041672 0.054578
9 0.569055 0.457719 0.057547 0.073438
6 0.384492 0.407117 0.224266 0.390953
9 0.559133 0.393219 0.071453 0.055563
9 0.524406 0.411086 0.065500 0.079391
6 0.589898 0.438367 0.194484 0.340359
