3 0.873961 0.710586 0.139109 0.101047
5 0.162023 0.377250 0.313641 0.266406
5 0.797852 0.450734 0.223109 0.276906
3 0.097727 0.778820 0.140422 0.132547
7 0.123883 0.222398 0.103703 0.076547
7 0.828820 0.300180 0.106172 0.069141
8 0.123883 0.253266 0.049391 0.044437
8 0.828820 0.321164 0.041984 0.037047
9 0.120180 0.360672 0.061734 0.061719
9 0.746102 0.507586 0.049391 0.069141
9 0.272031 0.443383 0.059250 0.059266
9 0.789336 0.510023 0.046953 0.074016
6 0.190336 0.500180 0.380672 0.646922
6 0.759680 0.495234 0.338266 0.587656
3 0.336570 0.733555 0.143047 0.133859
3 0.635773 0.698117 0.085297 0.104984
