6 0.219586 0.533445 0.235922 0.404766
0 0.390930 0.253516 0.174078 0.110781
6 0.375648 0.332148 0.153672 0.283547
0 0.869203 0.578016 0.097531 0.169844
0 0.088617 0.294562 0.108172 0.110781
0 0.844750 0.481609 0.132062 0.169844
0 0.739117 0.401031 0.243109 0.169844
0 0.248445 0.395234 0.243109 0.169844
0 0.665055 0.550664 0.174109 0.244609
0 0.550633 0.258594 0.174078 0.110781
0 0.306023 0.159313 0.174078 0.110781
6 0.536797 0.306281 0.155625 0.214500
6 0.773805 0.438305 0.249141 0.275109
6 0.640695 0.746859 0.407141 0.428562
6 0.072516 0.378789 0.140906 0.337453
0 0.960547 0.592406 0.078906 0.169844
