2 0.148164 0.658008 0.218609 0.233547
2 0.185062 0.586578 0.162562 0.337437
0 0.244594 0.319266 0.073813 0.075969
0 0.232680 0.385281 0.166891 0.155625
0 0.093078 0.472945 0.108437 0.145234
2 0.316016 0.593078 0.181594 0.350437
2 0.480523 0.582250 0.198922 0.307562
2 0.504328 0.444695 0.151719 0.140703
2 0.775977 0.555195 0.162547 0.378578
3 0.782469 0.739180 0.062562 0.062984
6 0.125531 0.582320 0.195469 0.415641
6 0.206805 0.446516 0.181078 0.279844
6 0.350836 0.554539 0.181078 0.438266
6 0.531898 0.549398 0.230453 0.308641
6 0.497953 0.375523 0.146094 0.179016
6 0.766469 0.534992 0.144031 0.448547
6 0.860094 0.496930 0.179000 0.557609
6 0.651250 0.448570 0.090531 0.283953
0 0.324680 0.326836 0.069484 0.060828
0 0.359312 0.394047 0.147406 0.121219
0 0.510711 0.336469 0.108234 0.084406
0 0.594047 0.466445 0.140687 0.136141
0 0.755406 0.334523 0.082031 0.071422
0 0.926406 0.259734 0.069469 0.073812
