3 0.875500 0.819945 0.078188 0.146078
4 0.192375 0.144023 0.078187 0.057609
3 0.164602 0.858008 0.113172 0.123453
3 0.213977 0.760273 0.055547 0.125516
3 0.278789 0.712953 0.057609 0.183125
3 0.338461 0.692375 0.049391 0.154312
0 0.180023 0.087430 0.127578 0.072016
0 0.333320 0.211914 0.072016 0.111109
0 0.440312 0.255125 0.063781 0.119344
3 0.399164 0.684148 0.047328 0.137859
3 0.805547 0.810687 0.053500 0.144031
3 0.452656 0.681055 0.051438 0.123453
3 0.513359 0.699578 0.053500 0.115219
3 0.582289 0.710898 0.059672 0.125516
3 0.647109 0.743812 0.041156 0.104938
6 0.171281 0.474742 0.200000 0.920984
6 0.324367 0.480914 0.120984 0.716047
6 0.434242 0.485844 0.118516 0.597531
6 0.555234 0.511797 0.143281 0.585156
6 0.695977 0.490789 0.128391 0.716047
6 0.854000 0.587086 0.172844 0.676547
2 0.429000 0.407391 0.115219 0.246906
2 0.314805 0.390930 0.113172 0.283953
2 0.177969 0.369328 0.148156 0.360094
0 0.884766 0.347727 0.080250 0.086422
0 0.707805 0.196492 0.063797 0.096703
0 0.567883 0.285992 0.059672 0.074078
2 0.554516 0.473242 0.119344 0.242797
2 0.703688 0.402250 0.117281 0.277781
2 0.862125 0.546281 0.146094 0.302469
3 0.711914 0.760273 0.072016 0.133734
