2 0.909969 0.595258 0.180063 0.362141
6 0.914242 0.609305 0.170359 0.770359
1 0.842578 0.742367 0.053500 0.084359
1 0.983016 0.785578 0.033969 0.104938
6 0.209305 0.500945 0.261734 0.998109
6 0.394492 0.574734 0.172828 0.844437
6 0.557453 0.629055 0.172844 0.716047
2 0.729406 0.661102 0.172844 0.325109
2 0.545250 0.568500 0.146094 0.304531
2 0.395055 0.554102 0.137859 0.415641
2 0.218094 0.599367 0.199594 0.650203
6 0.729063 0.672555 0.160500 0.654891
0 0.945461 0.322625 0.102891 0.129625
0 0.738672 0.428586 0.092594 0.106984
0 0.583320 0.383320 0.086422 0.156391
0 0.437227 0.265008 0.094641 0.162547
0 0.234555 0.107602 0.170797 0.127578
