9 0.855531 0.475680 0.046625 0.046641
2 0.091992 0.398266 0.157797 0.311469
2 0.185062 0.429648 0.140469 0.331391
2 0.307359 0.391672 0.121000 0.246750
2 0.350539 0.433984 0.112547 0.296750
2 0.474133 0.396000 0.142859 0.246750
2 0.614828 0.357141 0.147187 0.195031
2 0.683875 0.587664 0.164500 0.248703
2 0.915531 0.483766 0.168938 0.331375
3 0.054109 0.768289 0.090688 0.090922
3 0.124352 0.759742 0.127703 0.090703
3 0.151406 0.681820 0.099562 0.099359
3 0.202383 0.654766 0.101516 0.079875
3 0.295453 0.665586 0.110594 0.106266
3 0.334523 0.599461 0.101734 0.086578
3 0.448047 0.609414 0.073375 0.080078
3 0.502055 0.596320 0.103891 0.110172
3 0.565047 0.584305 0.064938 0.121203
3 0.864719 0.624461 0.101938 0.088953
3 0.869047 0.681813 0.119250 0.073813
3 0.874461 0.731602 0.130078 0.073797
9 0.533539 0.452828 0.021828 0.028719
8 0.493930 0.271773 0.044109 0.017922
8 0.607633 0.266945 0.041359 0.022047
8 0.673937 0.504461 0.040687 0.016859
8 0.895219 0.313938 0.040688 0.024813
7 0.911109 0.285641 0.074406 0.073469
9 0.159938 0.515375 0.026781 0.038688
9 0.222445 0.476180 0.038703 0.051609
9 0.274047 0.485109 0.042656 0.045656
9 0.353922 0.476680 0.027781 0.054578
9 0.453656 0.462781 0.024812 0.036719
7 0.093547 0.210844 0.102406 0.077406
7 0.190477 0.248469 0.066672 0.066688
7 0.323250 0.268719 0.055969 0.057156
7 0.355398 0.274070 0.036922 0.036922
7 0.490000 0.253828 0.055938 0.058344
7 0.609031 0.250852 0.048812 0.040484
7 0.673328 0.485430 0.053594 0.059547
8 0.119625 0.240133 0.055969 0.023828
8 0.202125 0.270484 0.038625 0.025031
8 0.325453 0.290375 0.036531 0.019281
8 0.351977 0.295547 0.019297 0.015844
9 0.703234 0.570977 0.051656 0.034766
9 0.585133 0.559039 0.021828 0.042672
6 0.076234 0.472828 0.152469 0.591562
6 0.172469 0.443562 0.140031 0.481500
6 0.303219 0.473539 0.118594 0.458672
6 0.352516 0.327078 0.048594 0.140031
6 0.472539 0.439984 0.122891 0.414406
6 0.594000 0.412813 0.125750 0.385813
6 0.678305 0.577141 0.162891 0.262906
6 0.891922 0.504266 0.175750 0.488687
