10 0.644703 0.796336 0.096375 0.080609
10 0.727070 0.794586 0.096391 0.080609
10 0.904062 0.791078 0.096375 0.080625
10 0.371320 0.785820 0.096391 0.080609
5 0.665063 0.392047 0.177781 0.190469
5 0.217438 0.415063 0.209531 0.185719
10 0.184734 0.791086 0.096375 0.080609
6 0.782922 0.461617 0.434156 0.655422
6 0.732320 0.528211 0.438109 0.655422
6 0.227664 0.514195 0.438109 0.655422
8 0.676250 0.221531 0.068344 0.022781
8 0.685008 0.326687 0.068359 0.022781
8 0.204016 0.255703 0.068344 0.022781
7 0.685008 0.279359 0.092891 0.047313
7 0.679750 0.177719 0.092875 0.047313
7 0.179477 0.215406 0.092891 0.047313
9 0.569344 0.251328 0.068344 0.068344
9 0.826953 0.452859 0.068344 0.068344
9 0.499250 0.300391 0.068344 0.068344
9 0.388844 0.517703 0.068344 0.068344
9 0.046297 0.404672 0.068344 0.068344
