6 0.548367 0.615234 0.181078 0.604938
6 0.777789 0.681078 0.129641 0.444437
6 0.846719 0.613180 0.251031 0.629641
5 0.882727 0.505156 0.232516 0.244844
5 0.101867 0.511328 0.181078 0.286000
3 0.875539 0.863641 0.097609 0.073813
3 0.803031 0.837664 0.047406 0.125328
3 0.772727 0.813852 0.056484 0.138734
3 0.701297 0.818078 0.069469 0.173156
3 0.668836 0.822508 0.069484 0.168609
3 0.570242 0.824680 0.054109 0.177703
3 0.528133 0.826844 0.086359 0.194594
3 0.418727 0.877703 0.062766 0.058219
3 0.387445 0.882039 0.108016 0.062984
3 0.271641 0.885281 0.097625 0.073375
3 0.232688 0.908117 0.088531 0.062766
3 0.134313 0.911250 0.056281 0.073813
3 0.084414 0.913414 0.065141 0.078141
2 0.775977 0.640586 0.157797 0.233766
2 0.686148 0.551945 0.203672 0.272953
2 0.533547 0.502273 0.188094 0.251078
2 0.377703 0.549781 0.196750 0.302812
2 0.233875 0.588633 0.181813 0.277047
4 0.246758 0.426406 0.078141 0.038750
3 0.928469 0.873266 0.090906 0.084406
6 0.092602 0.617297 0.150203 0.687250
6 0.233555 0.665648 0.176953 0.561734
6 0.371414 0.636844 0.193422 0.578188
6 0.671828 0.634781 0.144031 0.541156
