0 0.177031 0.413547 0.082531 0.077781
0 0.369891 0.365922 0.087313 0.100000
0 0.524648 0.213547 0.088891 0.077781
0 0.649250 0.222273 0.077781 0.082547
3 0.779414 0.927828 0.087297 0.087312
2 0.729414 0.457188 0.149203 0.292063
2 0.607227 0.443727 0.171484 0.299953
2 0.226242 0.623062 0.171422 0.293656
2 0.442906 0.604812 0.192063 0.301594
1 0.688148 0.487352 0.063484 0.079359
6 0.286445 0.677547 0.387422 0.640844
6 0.483305 0.648227 0.375016 0.689953
6 0.657344 0.570523 0.379156 0.812203
6 0.768188 0.531164 0.377094 0.762484
