2 0.726172 0.642805 0.106344 0.095297
6 0.411398 0.482734 0.079141 0.171219
6 0.468195 0.310781 0.079141 0.171219
0 0.757914 0.204742 0.058734 0.038109
0 0.366641 0.588906 0.041406 0.044375
0 0.415055 0.417437 0.058734 0.031750
2 0.743633 0.453953 0.090484 0.060312
2 0.360297 0.625383 0.063500 0.073016
2 0.738867 0.222203 0.004766 0.006344
0 0.720617 0.408711 0.057141 0.039672
0 0.719023 0.598391 0.066672 0.053969
2 0.469820 0.273000 0.050797 0.047625
2 0.769031 0.241250 0.090469 0.057156
2 0.417437 0.464266 0.060312 0.077781
0 0.465859 0.242047 0.046031 0.023813
6 0.761039 0.256836 0.079141 0.171234
6 0.727945 0.469781 0.079141 0.171219
6 0.702078 0.666156 0.110719 0.204250
6 0.358164 0.649633 0.079141 0.191359
