6 0.111883 0.521406 0.182547 0.623812
8 0.473016 0.284125 0.074594 0.031750
8 0.357141 0.287297 0.074594 0.031750
8 0.140461 0.279344 0.074609 0.031750
7 0.525398 0.258727 0.104766 0.036516
7 0.444445 0.253969 0.104766 0.036500
7 0.347617 0.253969 0.104766 0.036500
7 0.126961 0.243633 0.104766 0.036516
9 0.519047 0.339687 0.066656 0.084125
9 0.571430 0.330156 0.066672 0.084125
9 0.646031 0.306344 0.066656 0.084125
5 0.446031 0.438094 0.126969 0.192062
9 0.199977 0.356328 0.066672 0.084125
5 0.126977 0.441266 0.126984 0.192063
9 0.396820 0.357141 0.066672 0.084125
5 0.330133 0.443625 0.126984 0.192062
6 0.585711 0.515875 0.182547 0.623812
6 0.484125 0.515875 0.182531 0.623812
6 0.300000 0.525391 0.182531 0.623812
8 0.522227 0.290477 0.074609 0.031734
