0 0.745664 0.430242 0.126547 0.086297
0 0.647437 0.284609 0.227313 0.136719
0 0.808969 0.541742 0.066125 0.079109
0 0.921789 0.582070 0.084547 0.070391
0 0.967812 0.528078 0.064375 0.086281
0 0.200336 0.335273 0.126547 0.086297
0 0.288133 0.374875 0.126547 0.086281
0 0.411852 0.318008 0.152484 0.116578
6 0.599664 0.555656 0.414328 0.683687
6 0.367430 0.506453 0.291734 0.571469
6 0.908594 0.734687 0.182812 0.530625
5 0.489164 0.651469 0.119141 0.119125
5 0.372609 0.605758 0.119125 0.119141
5 0.303539 0.567773 0.119141 0.119141
5 0.237930 0.548773 0.119141 0.119141
5 0.180953 0.517695 0.119125 0.119141
5 0.115336 0.483164 0.119141 0.119141
5 0.063539 0.445180 0.119141 0.119141
5 0.842250 0.745617 0.119125 0.119141
