6 0.942187 0.555734 0.115625 0.239500
6 0.841172 0.564375 0.204937 0.286406
6 0.625117 0.559438 0.133328 0.227156
6 0.514008 0.595242 0.276547 0.328391
6 0.196719 0.637211 0.328406 0.446922
9 0.965852 0.626125 0.064203 0.084000
7 0.932523 0.463141 0.076547 0.083937
7 0.859680 0.468086 0.113578 0.093828
7 0.616477 0.482891 0.101234 0.054312
7 0.490547 0.461906 0.121000 0.091344
7 0.162141 0.500180 0.160531 0.108641
4 0.862227 0.513805 0.122047 0.077422
4 0.186383 0.520367 0.103672 0.043297
5 0.910445 0.570891 0.179109 0.304469
5 0.851734 0.563016 0.271656 0.299219
5 0.540055 0.616828 0.359578 0.265094
5 0.227711 0.688344 0.364828 0.308406
9 0.673258 0.586602 0.081484 0.103703
9 0.821414 0.649555 0.081484 0.081484
9 0.318945 0.684133 0.093828 0.101234
4 0.926539 0.480344 0.103672 0.036750
4 0.526930 0.494117 0.086609 0.048547
