5 0.455625 0.493508 0.066875 0.112766
6 0.372297 0.353898 0.164719 0.383328
6 0.453359 0.481602 0.088750 0.192422
6 0.511906 0.516125 0.071219 0.296531
6 0.646211 0.558437 0.240266 0.588969
6 0.700219 0.472945 0.140906 0.322297
5 0.386367 0.348594 0.149141 0.255406
5 0.512984 0.476297 0.082031 0.129875
5 0.688312 0.512984 0.112344 0.263844
0 0.681820 0.356063 0.095453 0.093281
0 0.619156 0.346320 0.099563 0.077703
0 0.573594 0.357250 0.038750 0.056281
0 0.504328 0.424242 0.052156 0.051734
0 0.454547 0.426406 0.052156 0.047406
0 0.386359 0.215258 0.066875 0.067109
2 0.562773 0.482680 0.047828 0.159953
2 0.642859 0.545453 0.211906 0.302813
