3 0.058437 0.778461 0.073375 0.038953
6 0.578109 0.458773 0.065844 0.213984
6 0.219055 0.577078 0.121391 0.236625
0 0.667750 0.412664 0.075969 0.077922
0 0.589719 0.398594 0.058437 0.054125
0 0.535711 0.367203 0.071203 0.064938
0 0.489070 0.384195 0.086578 0.071203
0 0.291016 0.413422 0.054125 0.060813
0 0.190586 0.521648 0.069266 0.047828
2 0.283547 0.515047 0.073375 0.129875
2 0.202383 0.598594 0.092859 0.140688
2 0.098484 0.529219 0.123156 0.123156
2 0.655844 0.525000 0.151719 0.171000
2 0.565906 0.495664 0.084406 0.151734
2 0.479547 0.523813 0.132031 0.173375
6 0.100742 0.633664 0.164609 0.386828
6 0.480375 0.612063 0.117281 0.524687
6 0.717000 0.612062 0.211938 0.458844
3 0.664500 0.819594 0.060813 0.064938
3 0.541023 0.757898 0.086578 0.062766
3 0.534633 0.789281 0.060391 0.034625
3 0.493617 0.836906 0.051953 0.073594
3 0.436039 0.832578 0.054109 0.064937
3 0.286797 0.755734 0.040906 0.071437
3 0.142852 0.768727 0.069484 0.045453
