1 0.581898 0.639930 0.096297 0.101234
5 0.227586 0.639937 0.340734 0.600000
5 0.860914 0.672031 0.274078 0.441969
5 0.715242 0.542398 0.150609 0.153078
5 0.543633 0.606602 0.123453 0.276547
6 0.804055 0.572516 0.391891 0.721000
7 0.297617 0.221969 0.253453 0.162344
7 0.528141 0.385391 0.112344 0.099562
7 0.581172 0.389609 0.132250 0.121000
6 0.243508 0.550867 0.404547 0.872078
6 0.548695 0.556273 0.192859 0.519703
6 0.671000 0.556383 0.311906 0.610391
7 0.703461 0.326836 0.185922 0.125766
7 0.874461 0.351734 0.198922 0.158219
1 0.696719 0.721414 0.128406 0.106172
1 0.446102 0.626352 0.091359 0.103703
