8 0.716547 0.244320 0.087625 0.031547
8 0.483531 0.135664 0.087625 0.031547
7 0.147008 0.442344 0.154203 0.091125
7 0.748094 0.179469 0.154219 0.091125
7 0.446727 0.077836 0.154203 0.091141
6 0.165453 0.722922 0.134937 0.554156
9 0.187320 0.715727 0.078859 0.084109
9 0.104945 0.659648 0.078859 0.084109
5 0.372203 0.443633 0.268250 0.487297
9 0.632430 0.489656 0.078859 0.084125
9 0.546570 0.484398 0.078859 0.084109
9 0.519445 0.566766 0.078859 0.084125
8 0.155766 0.498422 0.087625 0.031531
5 0.759516 0.518195 0.280969 0.395172
6 0.753398 0.572023 0.301422 0.837672
6 0.395906 0.513320 0.315437 0.965609
5 0.165062 0.688078 0.123812 0.277781
