3 0.230437 0.566453 0.034969 0.053500
3 0.283938 0.570563 0.043219 0.061719
3 0.353891 0.513977 0.026750 0.076141
3 0.375500 0.511922 0.041156 0.067906
0 0.504102 0.289695 0.030859 0.043203
2 0.366242 0.342164 0.059672 0.139922
0 0.437227 0.275297 0.032922 0.055563
0 0.257188 0.211516 0.030875 0.039094
0 0.379617 0.250602 0.032922 0.043203
6 0.253773 0.385852 0.133391 0.446922
6 0.369797 0.387086 0.083969 0.355547
6 0.441406 0.400664 0.074062 0.333328
0 0.544227 0.227969 0.041141 0.051438
0 0.609039 0.261922 0.047328 0.061719
2 0.254102 0.342164 0.069953 0.152266
2 0.434141 0.353484 0.055563 0.125500
2 0.497930 0.379203 0.051453 0.123469
6 0.494492 0.409305 0.071609 0.296297
6 0.550047 0.390781 0.064187 0.377781
6 0.624117 0.420422 0.103703 0.392594
2 0.553484 0.334969 0.063781 0.133750
2 0.614188 0.365836 0.094656 0.150203
3 0.634758 0.564391 0.032922 0.074063
3 0.598750 0.556164 0.034969 0.074078
3 0.562742 0.537641 0.028797 0.061719
3 0.537023 0.531469 0.034984 0.057625
