5 0.457125 0.703953 0.314281 0.353969
7 0.898414 0.544445 0.133328 0.071422
8 0.023797 0.534906 0.047594 0.031750
8 0.455531 0.402359 0.107937 0.033344
9 0.608711 0.592047 0.138109 0.146031
9 0.539687 0.525391 0.138094 0.146031
8 0.932523 0.571406 0.087297 0.031750
5 0.107117 0.759500 0.204766 0.230156
5 0.907125 0.770609 0.163500 0.207938
6 0.480133 0.604742 0.449203 0.606359
6 0.130148 0.657125 0.260297 0.431750
6 0.879352 0.723000 0.241297 0.414281
7 0.441250 0.337281 0.133344 0.071438
7 0.043648 0.468258 0.087297 0.071422
