3 0.168445 0.671438 0.044359 0.034750
3 0.717023 0.695445 0.088734 0.045516
6 0.562125 0.481867 0.239562 0.572203
2 0.387328 0.544922 0.112844 0.063594
2 0.462828 0.443648 0.105594 0.141484
3 0.621102 0.678656 0.058734 0.034750
3 0.324945 0.667859 0.044359 0.034750
3 0.127102 0.633703 0.044359 0.059906
3 0.582703 0.773375 0.088719 0.045500
3 0.461617 0.735547 0.076766 0.068281
2 0.352523 0.430430 0.105578 0.141484
0 0.588680 0.264359 0.091078 0.065937
0 0.485641 0.333359 0.059969 0.039531
0 0.456203 0.350680 0.061031 0.050422
0 0.128938 0.330359 0.068375 0.047906
0 0.369305 0.335734 0.091078 0.065937
6 0.136336 0.501594 0.154609 0.412750
6 0.337320 0.488117 0.121453 0.356797
6 0.461664 0.424937 0.113234 0.213875
6 0.656398 0.494359 0.175328 0.439719
5 0.544594 0.477672 0.149187 0.285937
5 0.123914 0.498477 0.149172 0.285922
5 0.655391 0.407328 0.093281 0.190656
5 0.072156 0.532578 0.053812 0.035219
5 0.194359 0.519203 0.053813 0.035219
5 0.675047 0.500547 0.053812 0.035219
5 0.472000 0.555453 0.053812 0.049719
