0 0.864211 0.176969 0.059672 0.069969
2 0.889930 0.300430 0.078203 0.176953
2 0.482523 0.317914 0.082297 0.174891
2 0.294250 0.313797 0.084375 0.166656
2 0.244867 0.299391 0.055547 0.158438
0 0.218117 0.559680 0.072016 0.111109
0 0.191367 0.502070 0.047328 0.061734
6 0.308070 0.361375 0.133328 0.464125
6 0.254984 0.356469 0.096281 0.429625
6 0.472266 0.342891 0.165437 0.382719
6 0.873508 0.363875 0.108641 0.454313
6 0.219180 0.674984 0.153078 0.395062
6 0.511773 0.621898 0.155547 0.323453
0 0.260305 0.180055 0.045266 0.051453
0 0.309680 0.196508 0.049391 0.059672
0 0.475320 0.183141 0.059672 0.057625
2 0.219148 0.728414 0.102891 0.242797
2 0.542195 0.653305 0.098766 0.191359
0 0.522648 0.527789 0.055547 0.051453
