8 0.242422 0.343078 0.112781 0.075969
6 0.234742 0.504328 0.348484 0.705406
6 0.468617 0.497836 0.292422 0.606266
6 0.730523 0.510930 0.313641 0.593078
6 0.845242 0.579008 0.218828 0.595453
9 0.242320 0.372297 0.095234 0.082469
9 0.307359 0.564937 0.082031 0.117094
9 0.458766 0.533555 0.086594 0.119266
9 0.537875 0.493617 0.097625 0.077922
9 0.641773 0.414398 0.118828 0.093078
9 0.785609 0.418938 0.090906 0.106062
9 0.873375 0.581281 0.101938 0.097406
7 0.848484 0.372297 0.134406 0.112344
8 0.451406 0.324672 0.106062 0.056500
8 0.769484 0.313852 0.079875 0.073797
8 0.825758 0.377703 0.080297 0.049562
7 0.217641 0.329008 0.171000 0.121422
3 0.238695 0.774703 0.092578 0.109063
3 0.438281 0.659477 0.067906 0.096703
3 0.510297 0.634781 0.080250 0.080250
3 0.808656 0.766469 0.092594 0.055563
3 0.864211 0.776758 0.084359 0.084359
5 0.173883 0.444453 0.205766 0.214000
5 0.439312 0.412562 0.164594 0.129625
5 0.865234 0.493836 0.168719 0.201641
5 0.762352 0.438281 0.111109 0.181062
7 0.448055 0.313852 0.125328 0.073797
7 0.782578 0.309633 0.123375 0.142859
