7 0.427758 0.157914 0.096828 0.049203
1 0.520633 0.360320 0.065078 0.057141
1 0.372195 0.361883 0.065078 0.057141
6 0.715875 0.379367 0.292063 0.641266
6 0.412672 0.441250 0.292063 0.641281
10 0.774602 0.522219 0.058734 0.063437
10 0.698414 0.520625 0.058734 0.063438
10 0.476195 0.620633 0.058734 0.142859
10 0.426172 0.658711 0.058719 0.142859
8 0.430930 0.194422 0.058734 0.014281
7 0.736508 0.153969 0.096828 0.049219
5 0.736508 0.303180 0.139672 0.188891
5 0.442836 0.329352 0.139672 0.188891
9 0.738867 0.292047 0.058734 0.044437
