0 0.650438 0.287984 0.067312 0.051938
0 0.629875 0.341992 0.073813 0.060391
0 0.660281 0.343070 0.056281 0.053891
0 0.729547 0.264070 0.064938 0.043078
0 0.777164 0.313852 0.060609 0.065141
6 0.187250 0.278820 0.063781 0.150203
0 0.730516 0.563961 0.140469 0.101734
0 0.807359 0.374570 0.078125 0.069266
0 0.523813 0.197078 0.034844 0.047625
0 0.662445 0.527055 0.112547 0.114922
0 0.313961 0.640695 0.142859 0.104109
6 0.516469 0.242813 0.063781 0.160500
6 0.586430 0.232523 0.063797 0.111109
6 0.639930 0.224297 0.063797 0.107000
0 0.331172 0.190477 0.030094 0.034422
0 0.113641 0.200211 0.032687 0.028359
0 0.167750 0.204547 0.028344 0.028344
6 0.346727 0.695484 0.308641 0.300406
6 0.773672 0.653305 0.220156 0.265422
6 0.798367 0.440344 0.133734 0.197531
6 0.077172 0.481492 0.094656 0.279828
6 0.651242 0.498984 0.098766 0.364187
6 0.286023 0.236641 0.047328 0.115219
6 0.351859 0.230461 0.063781 0.111109
0 0.580195 0.188313 0.060609 0.030094
2 0.629977 0.228359 0.060609 0.075969
2 0.588852 0.240258 0.051953 0.077703
2 0.518398 0.217422 0.041328 0.075750
2 0.355086 0.243508 0.060609 0.101516
2 0.281492 0.250000 0.051953 0.101938
2 0.114719 0.235930 0.047406 0.073797
2 0.654758 0.358336 0.093297 0.119047
2 0.778141 0.466445 0.144813 0.209734
0 0.349672 0.193719 0.032469 0.040906
2 0.786906 0.733766 0.253250 0.199344
2 0.348375 0.769375 0.251094 0.132031
2 0.171102 0.239180 0.047609 0.054328
