6 0.230297 0.533789 0.214812 0.932422
0 0.734586 0.136844 0.150203 0.162562
4 0.286023 0.240758 0.096703 0.074078
4 0.365234 0.261328 0.090531 0.065844
6 0.767312 0.535023 0.256812 0.929953
6 0.559891 0.539164 0.222281 0.913547
0 0.264414 0.159477 0.152266 0.179016
4 0.605984 0.286023 0.078188 0.049391
4 0.720180 0.228406 0.076141 0.049375
2 0.210914 0.612156 0.193422 0.619344
2 0.328203 0.562766 0.139906 0.500000
2 0.575117 0.561711 0.201641 0.469078
2 0.770586 0.559680 0.226328 0.489703
0 0.611125 0.198570 0.121406 0.191359
0 0.370383 0.183141 0.125516 0.156375
6 0.359922 0.556461 0.153094 0.874078
