6 0.648867 0.598852 0.093141 0.226734
0 0.731992 0.525602 0.047547 0.038359
0 0.647383 0.527328 0.047547 0.038375
0 0.561055 0.541141 0.047547 0.038375
0 0.397023 0.542867 0.047547 0.038359
0 0.317602 0.568766 0.047547 0.038375
2 0.738891 0.606750 0.081187 0.101187
2 0.649109 0.611938 0.081188 0.101187
2 0.557594 0.620562 0.081187 0.101188
2 0.397016 0.625750 0.081187 0.101187
2 0.317594 0.639563 0.081188 0.101187
2 0.227375 0.620594 0.081187 0.101187
0 0.234820 0.544812 0.047547 0.038375
6 0.734203 0.582727 0.093156 0.226734
6 0.838797 0.635109 0.093156 0.226750
6 0.569438 0.604031 0.093156 0.226750
6 0.472750 0.605758 0.093156 0.226734
6 0.393328 0.616117 0.093156 0.226734
6 0.324266 0.626477 0.093156 0.226734
6 0.229297 0.612664 0.093156 0.226734
6 0.104984 0.661008 0.093156 0.226734
6 0.040383 0.662734 0.080766 0.226750
5 0.469313 0.594492 0.079437 0.143297
