6 0.389523 0.422242 0.040016 0.085734
6 0.451680 0.440820 0.075734 0.128609
6 0.552422 0.489398 0.120031 0.277203
6 0.661727 0.504406 0.138609 0.250062
6 0.789617 0.490836 0.142891 0.288641
6 0.343797 0.506547 0.102875 0.265781
6 0.216664 0.564422 0.140109 0.441531
9 0.799617 0.517984 0.034297 0.045719
9 0.762359 0.529469 0.019844 0.052594
9 0.692398 0.509117 0.036703 0.033734
9 0.647742 0.538891 0.022828 0.029781
9 0.548516 0.508125 0.038687 0.039687
9 0.405625 0.477375 0.028781 0.027781
9 0.294992 0.534430 0.025797 0.042672
9 0.273656 0.531961 0.020844 0.041703
9 0.199227 0.571633 0.046641 0.049609
8 0.756398 0.379133 0.033734 0.015891
8 0.676523 0.420813 0.046641 0.019844
8 0.538594 0.398984 0.036719 0.019844
8 0.444820 0.415352 0.029766 0.018859
8 0.392227 0.419320 0.029766 0.010922
5 0.796539 0.534633 0.181609 0.272516
8 0.359977 0.411383 0.034734 0.022828
8 0.251320 0.411383 0.045641 0.024797
7 0.755414 0.364742 0.041672 0.050609
7 0.676523 0.411383 0.046641 0.046641
7 0.541070 0.387070 0.053578 0.039703
7 0.445813 0.404930 0.039687 0.037703
7 0.396203 0.413367 0.035719 0.040672
7 0.354031 0.397984 0.040687 0.033750
7 0.248047 0.392930 0.048625 0.038703
5 0.339828 0.529125 0.143062 0.276844
5 0.675437 0.555305 0.138531 0.283547
5 0.548703 0.527164 0.149562 0.240266
5 0.455734 0.522727 0.097406 0.209734
5 0.222945 0.531383 0.142641 0.231828
