1 0.560688 0.545258 0.037031 0.074078
1 0.644016 0.527766 0.039094 0.063781
5 0.705602 0.456219 0.177766 0.197531
3 0.741758 0.732500 0.057609 0.090531
6 0.716711 0.508070 0.274078 0.528391
3 0.697516 0.741758 0.051438 0.072016
3 0.502047 0.749984 0.063781 0.051438
3 0.429000 0.754102 0.049375 0.055547
1 0.783914 0.537023 0.039047 0.082297
6 0.485844 0.545109 0.202469 0.533344
0 0.488672 0.335383 0.061719 0.045266
0 0.696492 0.312750 0.049391 0.053500
2 0.491758 0.462945 0.150203 0.164609
1 0.423859 0.547312 0.039094 0.069969
