6 0.516437 0.562734 0.234906 0.313781
6 0.708484 0.561016 0.166313 0.224625
6 0.877375 0.543016 0.198906 0.216063
9 0.201797 0.618461 0.089156 0.082297
5 0.873484 0.600648 0.222938 0.179859
5 0.724023 0.603898 0.253453 0.203672
5 0.528141 0.608109 0.276844 0.238094
5 0.322516 0.639609 0.221000 0.279000
9 0.314109 0.721344 0.063438 0.048000
9 0.582461 0.675047 0.085734 0.041156
9 0.579883 0.690477 0.066859 0.058297
9 0.862805 0.669898 0.032578 0.058297
5 0.162445 0.651516 0.272734 0.272937
9 0.940820 0.660477 0.075453 0.056578
6 0.142641 0.582453 0.245187 0.370375
8 0.875664 0.511289 0.072016 0.032578
8 0.521586 0.487289 0.066859 0.053141
8 0.729914 0.523297 0.061734 0.036000
8 0.315820 0.501008 0.080578 0.046297
8 0.189797 0.483859 0.065156 0.025719
7 0.871375 0.479578 0.104594 0.092594
7 0.706773 0.485609 0.111453 0.087531
7 0.518156 0.447852 0.132031 0.094297
7 0.302961 0.452992 0.116609 0.084016
7 0.174375 0.443586 0.130312 0.116547
6 0.320109 0.575594 0.185187 0.284625
