9 0.568187 0.374461 0.114937 0.116672
5 0.110547 0.482641 0.158031 0.187656
5 0.375984 0.532031 0.219750 0.335812
5 0.701906 0.546844 0.348156 0.380250
0 0.075977 0.324625 0.123453 0.064188
0 0.367336 0.288820 0.143203 0.145672
0 0.719188 0.281414 0.180250 0.150609
6 0.721969 0.508547 0.461031 0.658000
6 0.348594 0.511906 0.402594 0.634406
6 0.106062 0.442641 0.208000 0.374250
9 0.234844 0.347297 0.131812 0.123375
8 0.334523 0.297516 0.093078 0.058438
8 0.681820 0.300977 0.108016 0.069266
9 0.323594 0.515148 0.097187 0.086359
9 0.748922 0.610391 0.108437 0.095031
