2 0.612445 0.558437 0.090922 0.203687
2 0.758656 0.619047 0.166875 0.363844
0 0.503250 0.422078 0.058656 0.056062
0 0.551945 0.418828 0.065141 0.049563
0 0.615695 0.433008 0.054109 0.051953
0 0.780305 0.400437 0.084203 0.082469
1 0.399344 0.592102 0.041344 0.045453
1 0.453461 0.582359 0.032672 0.047625
1 0.485930 0.582250 0.036578 0.052156
1 0.536797 0.578898 0.043500 0.036797
1 0.679656 0.530305 0.047406 0.047828
3 0.409094 0.736906 0.038750 0.041125
3 0.451297 0.719695 0.066875 0.053891
3 0.488203 0.709953 0.032469 0.034406
3 0.525977 0.704430 0.056484 0.045453
3 0.547727 0.683984 0.038953 0.056062
6 0.754328 0.595242 0.196750 0.428359
6 0.606062 0.554109 0.103688 0.311469
6 0.575758 0.572508 0.112766 0.365578
6 0.493508 0.573594 0.112766 0.359094
6 0.412445 0.566016 0.158016 0.422281
3 0.563961 0.672078 0.062766 0.037000
3 0.593070 0.656820 0.052172 0.045453
3 0.624461 0.656820 0.054328 0.045453
0 0.417750 0.399242 0.064719 0.054109
3 0.746758 0.782469 0.078141 0.053906
2 0.422078 0.587664 0.125750 0.309734
2 0.502055 0.582141 0.103891 0.272719
2 0.549680 0.564937 0.086578 0.255625
