6 0.625852 0.587578 0.251859 0.814813
1 0.285727 0.665594 0.058453 0.088750
1 0.453477 0.417766 0.095234 0.064937
1 0.651531 0.322523 0.058438 0.086578
1 0.689406 0.319273 0.047625 0.062766
0 0.374477 0.331180 0.101734 0.099578
0 0.577937 0.235937 0.088750 0.090906
2 0.418844 0.677500 0.173156 0.562781
3 0.370141 0.961055 0.088750 0.069266
3 0.453477 0.885297 0.060609 0.108219
3 0.623391 0.916680 0.067094 0.101734
3 0.662352 0.886375 0.084422 0.132031
2 0.638539 0.601742 0.222953 0.580078
6 0.376461 0.624617 0.296297 0.711109
