4 0.233312 0.455539 0.082531 0.025391
4 0.724586 0.384898 0.087297 0.026984
5 0.749188 0.622203 0.203188 0.336500
5 0.516648 0.624586 0.163484 0.280953
5 0.223789 0.655539 0.209516 0.250797
9 0.364266 0.681727 0.065094 0.042859
9 0.426977 0.682539 0.065078 0.042859
9 0.401586 0.634922 0.065078 0.042844
8 0.527758 0.437281 0.068266 0.023813
7 0.224586 0.404742 0.096828 0.050797
7 0.530164 0.390477 0.096828 0.050797
7 0.722227 0.334922 0.096828 0.050781
6 0.239664 0.608711 0.304766 0.455547
6 0.779367 0.581781 0.304766 0.508000
6 0.547617 0.596828 0.304766 0.455562
