6 0.649328 0.437391 0.202344 0.226344
6 0.141789 0.471687 0.257203 0.253781
5 0.403680 0.491695 0.244797 0.143797
5 0.133680 0.506773 0.249828 0.173953
5 0.659094 0.473766 0.214500 0.168094
5 0.856039 0.473047 0.240422 0.166719
8 0.112555 0.429656 0.121422 0.067312
8 0.401625 0.443727 0.106063 0.043078
7 0.104062 0.403953 0.130312 0.108031
7 0.391273 0.399672 0.125172 0.102875
6 0.871375 0.419391 0.238344 0.258906
7 0.662188 0.377383 0.108031 0.089172
7 0.863664 0.345656 0.089172 0.090875
8 0.656188 0.400523 0.078875 0.046297
8 0.879953 0.361945 0.063438 0.041141
6 0.408414 0.470828 0.296641 0.262344
