3 0.451656 0.739727 0.049375 0.084359
3 0.416680 0.705773 0.045266 0.078203
3 0.575117 0.849805 0.049391 0.123453
3 0.484586 0.840547 0.057609 0.133750
3 0.250008 0.884789 0.074078 0.135797
3 0.161539 0.835406 0.069953 0.119344
3 0.146102 0.623469 0.043203 0.127562
3 0.072023 0.602875 0.059672 0.139875
2 0.450633 0.495898 0.034984 0.123453
2 0.339523 0.385820 0.072016 0.113172
2 0.514414 0.515445 0.067891 0.125516
2 0.612156 0.616266 0.090531 0.183125
2 0.352922 0.517500 0.168656 0.257188
2 0.219133 0.361148 0.107016 0.195516
0 0.529836 0.445508 0.045297 0.076172
0 0.380672 0.294250 0.039094 0.049375
0 0.477383 0.402273 0.034984 0.034984
0 0.676969 0.505156 0.043219 0.059656
0 0.459891 0.305563 0.049375 0.067906
0 0.280883 0.241781 0.045266 0.047313
