7 0.448570 0.460672 0.086422 0.088875
5 0.130883 0.588680 0.251078 0.354984
5 0.208813 0.548633 0.147187 0.274891
5 0.340836 0.628719 0.298703 0.305188
5 0.422008 0.488023 0.145016 0.158016
5 0.509672 0.607070 0.281375 0.348484
5 0.705562 0.471797 0.162344 0.346312
5 0.808367 0.449062 0.216453 0.378781
7 0.806602 0.223633 0.135797 0.098766
7 0.693023 0.247086 0.096297 0.101234
7 0.218945 0.406352 0.076547 0.083953
7 0.085609 0.376719 0.096281 0.074063
7 0.334992 0.468102 0.071609 0.074016
8 0.083141 0.405117 0.071594 0.037047
8 0.217711 0.419930 0.049391 0.027172
8 0.420633 0.428719 0.037328 0.017219
8 0.442883 0.487336 0.050234 0.015797
8 0.338797 0.503133 0.051688 0.022484
8 0.777070 0.240031 0.080578 0.037719
8 0.694766 0.284609 0.077156 0.037719
3 0.669789 0.710914 0.104891 0.059672
3 0.728406 0.751039 0.115219 0.086422
6 0.825109 0.529844 0.209875 0.685187
6 0.684164 0.496922 0.166672 0.602875
6 0.504125 0.591578 0.185187 0.273656
6 0.406391 0.641984 0.343625 0.423875
6 0.104945 0.569969 0.209891 0.444437
6 0.215031 0.445484 0.129625 0.129625
6 0.397125 0.452688 0.119344 0.139906
