7 0.744695 0.327922 0.216453 0.231813
5 0.745359 0.613508 0.367906 0.454328
5 0.472516 0.541906 0.202469 0.291344
5 0.191039 0.592523 0.360484 0.451859
6 0.233766 0.508766 0.458656 0.662344
6 0.493508 0.529117 0.294578 0.512984
6 0.735930 0.527055 0.493734 0.643078
7 0.224031 0.317102 0.223156 0.257359
7 0.507469 0.343070 0.114719 0.158234
8 0.265148 0.301945 0.136141 0.075984
8 0.512984 0.356063 0.108000 0.067312
8 0.725109 0.309414 0.177281 0.090922
9 0.398375 0.678469 0.129875 0.132031
9 0.524891 0.692641 0.123156 0.129656
9 0.687336 0.711039 0.175328 0.110172
