3 0.545258 0.689289 0.059672 0.123453
6 0.578688 0.453750 0.121000 0.681469
4 0.081258 0.134766 0.069953 0.039094
3 0.601836 0.728375 0.074078 0.144031
2 0.746898 0.511297 0.150203 0.302469
2 0.595664 0.375500 0.102891 0.281906
2 0.463984 0.412539 0.119344 0.244859
2 0.353898 0.371383 0.121391 0.216047
2 0.234555 0.355953 0.121391 0.255156
2 0.082289 0.329211 0.137859 0.308641
0 0.768500 0.296281 0.102875 0.127562
0 0.599781 0.162539 0.061719 0.123453
3 0.204719 0.629617 0.065844 0.127578
6 0.461398 0.456219 0.113578 0.558031
6 0.355227 0.426594 0.093828 0.558031
6 0.236711 0.416711 0.108641 0.632109
0 0.473234 0.248961 0.067906 0.098766
6 0.088563 0.442641 0.158031 0.812344
0 0.352867 0.224266 0.078203 0.107000
0 0.241758 0.178992 0.074078 0.098766
0 0.076117 0.089492 0.080234 0.067891
3 0.759242 0.812750 0.072016 0.131687
3 0.683117 0.802453 0.055547 0.144031
3 0.487641 0.678992 0.047313 0.086422
3 0.424883 0.658422 0.057609 0.086406
6 0.733016 0.559930 0.182719 0.691359
3 0.376531 0.618297 0.039094 0.109063
3 0.318922 0.603898 0.051437 0.125516
3 0.061719 0.736609 0.076125 0.102875
3 0.127562 0.676937 0.076125 0.090531
3 0.264391 0.621383 0.041156 0.127578
