8 0.465078 0.349203 0.065094 0.023813
8 0.565078 0.282539 0.065094 0.023797
8 0.758727 0.234922 0.065078 0.023813
9 0.469031 0.571406 0.093656 0.066656
9 0.636508 0.526984 0.093641 0.066656
9 0.653969 0.577773 0.093656 0.066672
6 0.184102 0.557914 0.295234 0.550797
6 0.493648 0.561906 0.295234 0.550781
6 0.593672 0.412734 0.209531 0.388906
6 0.773828 0.353203 0.109531 0.307969
5 0.197602 0.499188 0.195234 0.239687
5 0.764305 0.332531 0.084203 0.154000
5 0.447602 0.515852 0.149203 0.225391
5 0.593625 0.436484 0.177781 0.238094
7 0.255531 0.308711 0.092062 0.071422
7 0.436508 0.296820 0.092078 0.071422
7 0.553969 0.242859 0.092063 0.071438
7 0.760312 0.217461 0.092062 0.071422
7 0.309531 0.217461 0.092063 0.071422
8 0.315055 0.261094 0.065078 0.023813
