6 0.788922 0.500844 0.246125 0.953313
0 0.555609 0.186563 0.223812 0.230156
0 0.773055 0.096914 0.150766 0.130234
4 0.542906 0.325445 0.166656 0.079359
4 0.781797 0.184172 0.101594 0.038094
1 0.475445 0.605609 0.250797 0.138094
1 0.650055 0.561164 0.187297 0.204766
1 0.840523 0.303227 0.082547 0.073016
1 0.969094 0.338148 0.060313 0.212703
6 0.829109 0.371672 0.334531 0.681063
6 0.476586 0.534742 0.689453 0.928047
6 0.485195 0.535461 0.641172 0.910953
5 0.774781 0.614719 0.259750 0.666875
5 0.522727 0.741336 0.556484 0.504547
