9 0.718617 0.406930 0.104109 0.104109
7 0.452273 0.238125 0.160172 0.143125
6 0.465367 0.534633 0.359516 0.844359
7 0.841992 0.110852 0.195016 0.169547
9 0.114719 0.632031 0.073375 0.082031
9 0.241344 0.536687 0.088531 0.086594
9 0.471859 0.373484 0.082031 0.106063
8 0.832250 0.106055 0.119250 0.069484
9 0.832250 0.347398 0.114500 0.136141
9 0.415586 0.421969 0.069047 0.108219
5 0.831781 0.375242 0.283938 0.328391
5 0.500922 0.422156 0.224688 0.229625
5 0.255234 0.580172 0.192594 0.200000
6 0.199242 0.636359 0.372297 0.597625
8 0.452383 0.250289 0.108016 0.077859
8 0.233656 0.444047 0.095250 0.071438
7 0.242422 0.465258 0.164281 0.173172
6 0.810555 0.485930 0.378891 0.933109
