0 0.537047 0.256187 0.055563 0.080250
0 0.474289 0.225320 0.069953 0.113172
6 0.305852 0.532766 0.153078 0.641969
2 0.395078 0.401250 0.067906 0.197531
2 0.317914 0.447547 0.135797 0.261313
3 0.614211 0.697539 0.045266 0.111109
3 0.548367 0.687250 0.037047 0.119344
3 0.504133 0.744867 0.059672 0.123453
3 0.434172 0.752070 0.051437 0.137859
3 0.360094 0.736641 0.067906 0.160500
3 0.277789 0.734586 0.063797 0.164609
3 0.217094 0.752070 0.078188 0.146078
3 0.136844 0.810711 0.078187 0.164609
2 0.767500 0.581289 0.117281 0.281891
2 0.597750 0.438281 0.094656 0.234563
2 0.173875 0.377586 0.144031 0.294234
0 0.788078 0.385813 0.080250 0.117281
2 0.479438 0.413594 0.113156 0.255156
6 0.466344 0.499430 0.153094 0.683953
6 0.773750 0.615477 0.116063 0.639516
6 0.171281 0.500664 0.204937 0.879016
0 0.171820 0.144039 0.082297 0.111109
0 0.313797 0.247953 0.061719 0.080250
0 0.401250 0.263383 0.055562 0.057609
0 0.604945 0.290141 0.059672 0.090531
