2 0.407633 0.385492 0.079109 0.166609
0 0.532375 0.293766 0.044406 0.029906
6 0.813797 0.419242 0.136344 0.469641
6 0.695484 0.405461 0.136344 0.469641
0 0.484406 0.226617 0.044406 0.029922
0 0.408883 0.267383 0.044422 0.051484
0 0.598891 0.279938 0.035969 0.045437
0 0.663664 0.246984 0.040797 0.046656
2 0.798562 0.346523 0.079125 0.166609
6 0.400234 0.433086 0.136344 0.469641
6 0.476203 0.415820 0.136344 0.469641
6 0.609141 0.418453 0.084531 0.357469
3 0.498805 0.562352 0.039641 0.047953
3 0.557555 0.549164 0.039641 0.047953
3 0.599523 0.549164 0.039641 0.047953
3 0.519187 0.546766 0.039625 0.047938
0 0.794359 0.210430 0.044406 0.029922
1 0.708594 0.411227 0.028750 0.031203
3 0.832727 0.594102 0.063609 0.056328
3 0.685242 0.552695 0.056391 0.028828
3 0.775180 0.593500 0.039641 0.047938
2 0.678656 0.356117 0.079125 0.166609
2 0.603117 0.370508 0.079109 0.166609
2 0.532375 0.389687 0.079125 0.166594
2 0.480820 0.354914 0.079109 0.166609
3 0.431078 0.606711 0.038469 0.028828
3 0.387313 0.616305 0.037250 0.028828
3 0.465227 0.573141 0.039641 0.047937
1 0.655836 0.415469 0.023953 0.027500
