3 0.484273 0.537430 0.080047 0.119422
5 0.530867 0.374039 0.133859 0.154859
5 0.643727 0.417344 0.157484 0.204719
5 0.763148 0.490844 0.238859 0.283469
4 0.775617 0.334672 0.108922 0.049875
4 0.614195 0.314328 0.090547 0.030188
3 0.545961 0.753961 0.132547 0.072172
3 0.526273 0.765117 0.171922 0.076109
3 0.401602 0.561047 0.116797 0.164031
3 0.532836 0.573523 0.111547 0.120734
6 0.675945 0.530875 0.411547 0.551438
6 0.639930 0.389930 0.121391 0.253078
6 0.492812 0.390953 0.185188 0.275719
9 0.667703 0.576141 0.065844 0.115219
9 0.750008 0.416672 0.074078 0.104937
7 0.543180 0.281953 0.063859 0.061719
7 0.615242 0.302484 0.084359 0.053500
7 0.774703 0.312766 0.123469 0.094656
