7 0.834375 0.351859 0.166656 0.170781
7 0.358039 0.349805 0.111109 0.084359
7 0.670797 0.434164 0.061719 0.096703
8 0.357008 0.366266 0.067891 0.034969
8 0.684172 0.445484 0.043219 0.024688
9 0.243844 0.346719 0.076125 0.074063
9 0.473258 0.344664 0.086422 0.057609
9 0.654336 0.673883 0.037047 0.074078
6 0.361117 0.544250 0.454734 0.530875
6 0.640961 0.596719 0.109047 0.462969
6 0.807625 0.544250 0.364187 0.580250
5 0.636813 0.569945 0.078187 0.246922
5 0.813773 0.577148 0.267484 0.331266
5 0.377555 0.527758 0.259266 0.257203
