7 0.330156 0.280953 0.117469 0.061906
5 0.116648 0.614266 0.220641 0.438094
5 0.339680 0.582539 0.220641 0.438109
5 0.601586 0.552375 0.220641 0.438094
5 0.825398 0.547625 0.220641 0.438094
6 0.107117 0.534109 0.211109 0.687312
6 0.340453 0.555531 0.252375 0.647625
6 0.561094 0.533313 0.160312 0.676188
6 0.780930 0.503156 0.273016 0.746031
6 0.961883 0.485695 0.073016 0.349203
6 0.201570 0.353945 0.057141 0.111109
6 0.263469 0.356328 0.047625 0.077781
6 0.450773 0.453945 0.066672 0.279359
6 0.509500 0.364266 0.044437 0.106344
7 0.068234 0.219828 0.117469 0.061906
7 0.585711 0.214281 0.117453 0.061906
7 0.738055 0.161891 0.206422 0.080969
7 0.946016 0.312703 0.066719 0.046031
7 0.203172 0.288891 0.117469 0.061906
7 0.274602 0.309531 0.117453 0.061906
8 0.118234 0.275383 0.055563 0.026984
8 0.337289 0.333336 0.092078 0.026984
8 0.568258 0.265086 0.096828 0.026984
8 0.679367 0.260320 0.055547 0.026984
8 0.950797 0.347617 0.055562 0.026984
9 0.579352 0.599977 0.111109 0.095234
9 0.484133 0.544445 0.111109 0.095234
