0 0.148391 0.343633 0.030156 0.033328
0 0.104742 0.355539 0.044453 0.034922
0 0.076961 0.315062 0.055547 0.055562
0 0.209500 0.380930 0.076188 0.073016
6 0.167750 0.504328 0.136156 0.307563
2 0.516648 0.576172 0.065078 0.101594
2 0.396805 0.636484 0.098422 0.193656
2 0.296016 0.573000 0.144437 0.200000
2 0.255508 0.504727 0.079297 0.117422
2 0.118234 0.527781 0.153969 0.220687
2 0.128547 0.403156 0.053969 0.044437
2 0.038867 0.413469 0.074609 0.144437
0 0.527758 0.506336 0.042859 0.034922
0 0.437281 0.511883 0.068250 0.049203
0 0.365891 0.439664 0.081031 0.057141
0 0.295219 0.417445 0.060313 0.041266
0 0.180930 0.345219 0.034922 0.042844
6 0.284633 0.464180 0.084203 0.183984
6 0.053031 0.397187 0.093281 0.227063
6 0.397148 0.636352 0.151797 0.291984
6 0.520562 0.583336 0.093281 0.222734
