9 0.278547 0.622992 0.077781 0.080953
9 0.148391 0.774586 0.106344 0.044453
8 0.652375 0.334922 0.115875 0.036500
8 0.476187 0.334922 0.115875 0.036500
8 0.297594 0.361094 0.115875 0.036500
7 0.690469 0.268250 0.138094 0.107938
7 0.468250 0.247625 0.138094 0.107938
6 0.261094 0.517445 0.328562 0.641266
5 0.293633 0.469828 0.241266 0.215875
5 0.544445 0.487297 0.241266 0.215875
7 0.276969 0.257125 0.138094 0.107937
6 0.769820 0.543633 0.368266 0.658734
6 0.515062 0.465062 0.268250 0.546031
5 0.750789 0.635711 0.241266 0.328578
9 0.355555 0.720633 0.077766 0.080953
9 0.344445 0.668258 0.077766 0.080953
