2 0.388531 0.519586 0.144813 0.216453
3 0.222938 0.661258 0.082469 0.062984
3 0.402594 0.737016 0.121437 0.071219
3 0.275969 0.729547 0.097625 0.064938
1 0.471969 0.574781 0.056281 0.093063
1 0.470781 0.591016 0.062563 0.056281
1 0.323594 0.590906 0.071219 0.090687
0 0.464289 0.430734 0.084203 0.099344
0 0.372297 0.373375 0.091125 0.058219
0 0.226086 0.382031 0.062766 0.058219
2 0.304109 0.505414 0.114500 0.222734
2 0.226195 0.490367 0.110609 0.153672
6 0.244586 0.543398 0.151297 0.445891
6 0.330086 0.543398 0.201078 0.445891
6 0.420023 0.573594 0.316016 0.385062
