3 0.449578 0.798961 0.090531 0.086422
2 0.462945 0.499984 0.100828 0.205750
2 0.575094 0.585375 0.078187 0.170781
2 0.659453 0.622414 0.082313 0.125516
2 0.852867 0.850812 0.115234 0.170781
2 0.924883 0.800398 0.078203 0.172828
1 0.200602 0.608016 0.061734 0.129625
1 0.309656 0.622414 0.074063 0.133734
1 0.501016 0.690312 0.053500 0.104937
1 0.561719 0.719117 0.055562 0.084359
1 0.649164 0.722203 0.045266 0.065844
1 0.956773 0.948547 0.047328 0.078188
2 0.253070 0.352867 0.154328 0.351859
0 0.906367 0.635789 0.057609 0.074078
0 0.838469 0.710898 0.053500 0.059672
0 0.612125 0.458836 0.078187 0.057609
0 0.525703 0.385789 0.082313 0.129641
0 0.267477 0.085375 0.125516 0.080250
3 0.213977 0.866242 0.084359 0.226328
3 0.301430 0.856984 0.098766 0.195469
3 0.479406 0.964992 0.162562 0.061766
3 0.560688 0.875094 0.065844 0.107000
3 0.663570 0.868922 0.115234 0.065844
6 0.840172 0.830539 0.175312 0.335797
6 0.928109 0.771281 0.143781 0.444438
6 0.616711 0.671281 0.158016 0.530875
6 0.480930 0.647367 0.177828 0.705266
6 0.236461 0.510789 0.325922 0.955547
