2 0.711953 0.413594 0.104938 0.144031
3 0.322031 0.637875 0.069969 0.061719
3 0.686187 0.596688 0.082375 0.057563
3 0.685172 0.604977 0.088750 0.053891
3 0.794250 0.493836 0.051437 0.069953
2 0.299781 0.450219 0.140469 0.182031
1 0.345695 0.446508 0.030859 0.057609
1 0.610094 0.453719 0.037031 0.051437
3 0.324672 0.641672 0.082031 0.058437
3 0.506602 0.759734 0.043297 0.065156
2 0.523813 0.549680 0.173375 0.207797
2 0.712125 0.414398 0.117094 0.166672
0 0.720781 0.316016 0.091125 0.069469
3 0.553031 0.777164 0.071219 0.060609
6 0.702594 0.445391 0.220156 0.393000
6 0.474203 0.572969 0.265437 0.438281
6 0.294156 0.475234 0.172844 0.382719
0 0.280305 0.338641 0.088953 0.067094
0 0.282937 0.343633 0.082312 0.074078
0 0.512359 0.418734 0.088469 0.088469
0 0.716062 0.319969 0.096719 0.063781
2 0.301453 0.450625 0.123469 0.156375
2 0.510297 0.548367 0.158438 0.211922
3 0.787875 0.492531 0.056500 0.088750
0 0.510820 0.417859 0.086359 0.082250
