6 0.211531 0.564375 0.234563 0.479000
4 0.578039 0.370031 0.077422 0.034125
4 0.457961 0.326063 0.076109 0.032813
4 0.205336 0.368063 0.072172 0.030187
3 0.462625 0.692937 0.091875 0.055125
3 0.391102 0.683094 0.077422 0.064312
3 0.256586 0.764461 0.086609 0.056422
3 0.199500 0.774961 0.066937 0.051172
5 0.804609 0.552609 0.218656 0.324000
5 0.588609 0.494609 0.189344 0.224000
5 0.438609 0.430609 0.188000 0.218656
5 0.201945 0.487937 0.154672 0.200000
6 0.814000 0.584133 0.239500 0.483953
6 0.604125 0.554500 0.219750 0.474062
6 0.415234 0.501414 0.187656 0.471609
7 0.444922 0.316219 0.083906 0.056813
7 0.578203 0.356969 0.059250 0.069125
4 0.790633 0.401531 0.085297 0.047250
