6 0.386492 0.492656 0.361109 0.970156
6 0.731945 0.487836 0.503141 0.936453
5 0.186680 0.647922 0.259984 0.471844
5 0.753609 0.542000 0.474250 0.558500
6 0.185195 0.505914 0.356828 0.848922
5 0.841320 0.869227 0.149641 0.156828
6 0.738430 0.416711 0.513672 0.823016
2 0.393703 0.626234 0.363500 0.731750
4 0.365133 0.179414 0.179359 0.111109
4 0.620688 0.265922 0.131750 0.071438
0 0.074219 0.191320 0.148438 0.188891
6 0.429797 0.494688 0.463312 0.989375
0 0.640523 0.111133 0.257141 0.222266
0 0.344523 0.071086 0.225391 0.132203
6 0.187227 0.514344 0.374453 0.844938
