6 0.488797 0.541172 0.328063 0.502156
0 0.276242 0.296086 0.242859 0.134922
0 0.469094 0.382594 0.193656 0.101594
0 0.811164 0.373859 0.312703 0.188875
2 0.177031 0.615125 0.352375 0.369844
2 0.518305 0.669102 0.377766 0.204766
2 0.811531 0.646086 0.376938 0.288891
4 0.480203 0.453227 0.161906 0.042859
4 0.293703 0.353219 0.176187 0.077781
6 0.804828 0.535414 0.390344 0.510797
6 0.202672 0.504477 0.405344 0.549641
6 0.804164 0.517930 0.387578 0.539234
6 0.526117 0.543211 0.303328 0.503141
6 0.211961 0.510711 0.387578 0.582578
