6 0.509742 0.586469 0.088953 0.342000
6 0.425219 0.607141 0.123375 0.343938
6 0.354977 0.634203 0.095016 0.272937
2 0.961055 0.542648 0.062766 0.095234
6 0.132031 0.614719 0.108000 0.346531
6 0.071430 0.599461 0.125328 0.471859
2 0.893953 0.566461 0.062781 0.116891
2 0.821445 0.588109 0.077922 0.125531
2 0.620141 0.563219 0.073594 0.132031
2 0.584430 0.493953 0.054109 0.067094
2 0.560617 0.580531 0.058453 0.140688
6 0.332250 0.612445 0.093281 0.333328
6 0.590906 0.587664 0.082031 0.327047
2 0.507594 0.529664 0.056281 0.134203
2 0.472953 0.523172 0.047625 0.090906
2 0.434000 0.558891 0.073594 0.123375
2 0.335516 0.522094 0.067094 0.088750
2 0.342000 0.614086 0.067094 0.116891
2 0.282484 0.588109 0.064938 0.125531
2 0.198070 0.555641 0.086578 0.177500
2 0.127719 0.561055 0.084406 0.145016
2 0.063867 0.501523 0.086578 0.160172
6 0.274891 0.612445 0.090687 0.333328
6 0.196969 0.606055 0.082031 0.389391
6 0.576945 0.604875 0.088734 0.287875
6 0.441555 0.584414 0.103672 0.346109
6 0.954656 0.586578 0.073594 0.255188
6 0.902594 0.594156 0.090687 0.235719
6 0.823594 0.604867 0.097188 0.222953
6 0.627602 0.622297 0.095234 0.326625
