10 0.459961 0.785719 0.084203 0.082469
9 0.609305 0.627703 0.071203 0.060813
9 0.468617 0.640805 0.062984 0.069266
7 0.484961 0.317102 0.216453 0.227484
6 0.503250 0.590906 0.530094 0.804969
5 0.493266 0.596227 0.380250 0.325922
8 0.518398 0.472945 0.110172 0.062984
9 0.667750 0.762992 0.101938 0.110609
9 0.369156 0.799781 0.097406 0.101938
4 0.470773 0.328031 0.127484 0.058437
7 0.515156 0.461039 0.156062 0.159953
5 0.517312 0.630953 0.203688 0.249125
6 0.524891 0.623484 0.266437 0.432906
10 0.608219 0.785711 0.073813 0.117109
