0 0.288055 0.208422 0.043203 0.045281
0 0.165625 0.181672 0.041156 0.041156
0 0.090523 0.190937 0.034984 0.051438
0 0.894023 0.282492 0.074078 0.115234
0 0.815828 0.220766 0.074063 0.069969
0 0.699570 0.166242 0.100828 0.117297
0 0.566859 0.216656 0.069969 0.094656
0 0.245867 0.263984 0.074078 0.065844
0 0.479406 0.164180 0.080250 0.084359
0 0.396078 0.174477 0.065844 0.084359
0 0.337438 0.166242 0.092594 0.096703
5 0.341406 0.462641 0.170375 0.355563
5 0.574742 0.483625 0.128391 0.323469
5 0.696961 0.442883 0.140734 0.316047
5 0.893258 0.546586 0.128391 0.345672
5 0.805602 0.458937 0.096297 0.269125
5 0.490789 0.394742 0.093828 0.283953
6 0.330289 0.560172 0.128391 0.871594
6 0.699430 0.546586 0.165422 0.898766
6 0.568562 0.581156 0.130875 0.829625
6 0.892023 0.604609 0.155547 0.777781
6 0.811773 0.335477 0.103703 0.239516
6 0.473508 0.236711 0.118516 0.249391
0 0.217063 0.202250 0.037031 0.049375
