1 0.525750 0.502367 0.020375 0.016797
1 0.478984 0.512563 0.020375 0.025188
1 0.489180 0.329109 0.014391 0.020375
6 0.478828 0.343336 0.089844 0.169266
1 0.459203 0.329109 0.014375 0.013187
6 0.519367 0.536695 0.098422 0.224453
6 0.469305 0.200828 0.098422 0.108844
5 0.311328 0.920820 0.074250 0.053516
5 0.464117 0.954531 0.074234 0.053531
6 0.568594 0.762836 0.098406 0.224453
0 0.514961 0.456805 0.037172 0.026391
2 0.468789 0.330906 0.059953 0.055156
2 0.458000 0.199609 0.052750 0.053969
2 0.561117 0.718797 0.067141 0.085125
2 0.520953 0.514352 0.061156 0.069547
