3 0.317078 0.747555 0.029906 0.034797
0 0.681047 0.468781 0.050406 0.036000
2 0.344711 0.556336 0.089953 0.105484
3 0.361500 0.750578 0.034813 0.038344
3 0.476625 0.751797 0.040813 0.038344
3 0.525211 0.757828 0.042078 0.038406
3 0.647484 0.761391 0.034812 0.038344
3 0.687047 0.757797 0.034813 0.038344
6 0.680203 0.599883 0.121469 0.356797
6 0.511359 0.602070 0.121469 0.356797
6 0.349750 0.608289 0.121469 0.356797
5 0.509375 0.561578 0.103594 0.142969
2 0.671461 0.566570 0.089953 0.133109
0 0.503594 0.459234 0.050406 0.036000
0 0.339328 0.460437 0.050406 0.036000
