6 0.152672 0.538445 0.254812 0.634078
5 0.498812 0.636875 0.179438 0.296750
5 0.144609 0.481570 0.222719 0.283766
7 0.156477 0.300430 0.081484 0.083953
7 0.478695 0.453508 0.088891 0.123453
7 0.800914 0.328820 0.125922 0.125922
7 0.330555 0.411539 0.083922 0.079016
7 0.633016 0.421414 0.081469 0.074078
8 0.342148 0.425984 0.036766 0.024125
8 0.431852 0.396359 0.034453 0.012625
8 0.526016 0.381430 0.041344 0.019516
8 0.628812 0.430234 0.036750 0.013781
8 0.676758 0.386305 0.037328 0.013203
8 0.634844 0.357594 0.035031 0.020094
8 0.968797 0.314219 0.045719 0.032875
3 0.308789 0.688594 0.054859 0.049719
3 0.343430 0.704203 0.041141 0.065156
3 0.699227 0.748781 0.029141 0.065156
3 0.738656 0.748781 0.053156 0.051438
10 0.141094 0.795391 0.054875 0.069219
10 0.209687 0.798367 0.094656 0.057609
10 0.373414 0.845109 0.050359 0.080000
10 0.447500 0.845141 0.068125 0.097844
10 0.828227 0.824375 0.106672 0.097781
6 0.468234 0.645133 0.275531 0.480047
6 0.828227 0.584375 0.272578 0.583719
6 0.341797 0.559719 0.114313 0.348688
6 0.633297 0.583281 0.114312 0.395813
6 0.531125 0.439672 0.112875 0.197188
6 0.411820 0.512547 0.105734 0.337219
6 0.957391 0.495406 0.085219 0.402938
6 0.634719 0.378234 0.057156 0.100031
6 0.043875 0.473258 0.078594 0.444391
6 0.311789 0.338227 0.100016 0.125734
6 0.447539 0.331797 0.054297 0.087156
6 0.401813 0.344656 0.060000 0.098594
6 0.551133 0.297508 0.084297 0.095734
6 0.555422 0.343938 0.052875 0.077156
5 0.634203 0.557250 0.117094 0.201312
5 0.335500 0.537773 0.117094 0.183984
5 0.824680 0.546531 0.233984 0.361250
