8 0.245688 0.333555 0.117281 0.057609
8 0.479234 0.239930 0.094656 0.055547
8 0.717914 0.279031 0.094641 0.039094
9 0.142813 0.761531 0.109062 0.115219
9 0.425734 0.636016 0.078188 0.090531
9 0.696305 0.576352 0.113172 0.102891
9 0.930883 0.533141 0.137859 0.045281
6 0.132523 0.286227 0.121391 0.226328
6 0.236430 0.527992 0.362141 0.652266
6 0.490547 0.502273 0.265437 0.716047
6 0.790961 0.498164 0.360078 0.703703
7 0.242602 0.296516 0.139922 0.156375
7 0.475117 0.204953 0.135797 0.154313
7 0.715859 0.245078 0.119344 0.156375
7 0.139727 0.251242 0.115234 0.123453
8 0.151039 0.292398 0.084359 0.037047
5 0.277164 0.636359 0.354984 0.433125
5 0.489180 0.461039 0.277266 0.350859
5 0.752273 0.548703 0.322516 0.482469
