2 0.297344 0.646102 0.123438 0.267484
2 0.424906 0.629641 0.160500 0.325094
6 0.409313 0.566344 0.197531 0.572844
6 0.306836 0.595969 0.155547 0.414812
6 0.210539 0.570047 0.120984 0.407406
6 0.939219 0.584867 0.121562 0.506172
6 0.634000 0.526836 0.360500 0.676547
2 0.941875 0.669758 0.116250 0.335391
2 0.626555 0.636844 0.259266 0.393000
0 0.595688 0.269555 0.197531 0.123453
0 0.403305 0.350836 0.137859 0.109047
0 0.328203 0.447539 0.102875 0.084359
0 0.234578 0.425938 0.088469 0.090531
0 0.718117 0.371414 0.100828 0.096703
0 0.966062 0.377586 0.065844 0.100828
0 0.921828 0.412563 0.067906 0.047313
0 0.894047 0.468125 0.069969 0.059687
0 0.790141 0.459883 0.067906 0.072016
2 0.205773 0.617297 0.084359 0.218094
