6 0.287781 0.495055 0.481469 0.926828
1 0.504813 0.868305 0.103188 0.142859
1 0.836555 0.722273 0.134922 0.155547
4 0.465133 0.167508 0.096828 0.055547
0 0.877828 0.271477 0.179375 0.120641
0 0.442906 0.123859 0.211125 0.107938
1 0.042484 0.750047 0.084969 0.160313
6 0.735977 0.609797 0.505859 0.780406
1 0.252430 0.816719 0.080953 0.122219
4 0.849258 0.316711 0.131734 0.042859
2 0.252430 0.457195 0.296828 0.495234
2 0.747672 0.647672 0.398406 0.447625
6 0.290953 0.480016 0.579844 0.906469
6 0.736563 0.598570 0.526875 0.792016
