5 0.407500 0.479297 0.047469 0.044594
3 0.369891 0.557984 0.080937 0.046031
3 0.660367 0.673063 0.087297 0.047625
3 0.731008 0.647672 0.073016 0.044437
3 0.391602 0.641312 0.062016 0.066188
5 0.681602 0.652680 0.057547 0.048922
5 0.385914 0.574984 0.058984 0.040281
5 0.512492 0.566984 0.084047 0.083844
0 0.531008 0.481797 0.073016 0.058719
0 0.616719 0.515922 0.079375 0.060313
5 0.519727 0.546203 0.110797 0.097844
5 0.604617 0.551234 0.116547 0.102156
6 0.658125 0.588180 0.233812 0.218828
6 0.444797 0.532227 0.266781 0.178859
5 0.588797 0.645484 0.056125 0.060438
