1 0.527602 0.756602 0.057609 0.073141
1 0.384891 0.662438 0.088719 0.098250
1 0.441242 0.720617 0.088734 0.073141
0 0.588727 0.452047 0.079109 0.075594
0 0.725414 0.803977 0.079109 0.047953
0 0.826734 0.759578 0.065906 0.064781
2 0.398656 0.470609 0.187062 0.237469
2 0.504211 0.576141 0.134391 0.175094
2 0.717656 0.930156 0.103125 0.139687
2 0.823172 0.909766 0.108031 0.180469
3 0.400500 0.882461 0.077875 0.128359
3 0.498203 0.902250 0.076719 0.079187
6 0.509875 0.671383 0.234750 0.552547
6 0.197945 0.410781 0.395891 0.821562
6 0.711023 0.857266 0.136359 0.285469
6 0.838797 0.857266 0.136344 0.285469
4 0.344695 0.116883 0.118703 0.027578
2 0.252398 0.232000 0.209891 0.404125
1 0.205008 0.518555 0.088734 0.073141
3 0.116867 0.784742 0.094703 0.164266
3 0.255359 0.956820 0.139094 0.086359
3 0.032359 0.763156 0.064719 0.142688
1 0.103688 0.477219 0.075531 0.098375
0 0.515539 0.351898 0.079109 0.099547
