6 0.772836 0.346320 0.142859 0.285922
6 0.623375 0.333336 0.164281 0.259953
6 0.459953 0.337664 0.149125 0.251297
6 0.287883 0.345344 0.186359 0.253250
0 0.470781 0.249891 0.067312 0.054125
1 0.234852 0.423156 0.062984 0.049562
0 0.781391 0.251086 0.082469 0.051734
1 0.357250 0.425320 0.047625 0.045234
1 0.313852 0.422078 0.047828 0.038750
0 0.617969 0.233766 0.071219 0.043500
2 0.767320 0.372297 0.110609 0.103687
0 0.273813 0.261914 0.071219 0.047422
2 0.623266 0.367859 0.112563 0.147187
2 0.462016 0.364719 0.106062 0.123156
2 0.277164 0.369047 0.112547 0.110594
1 0.810602 0.432898 0.036578 0.065141
1 0.760719 0.425219 0.049781 0.049781
1 0.658117 0.430734 0.051953 0.038750
1 0.561578 0.428570 0.054125 0.043078
1 0.496750 0.428680 0.058219 0.060609
