6 0.665711 0.592773 0.321078 0.493203
5 0.372539 0.548203 0.269359 0.200969
5 0.404695 0.623812 0.080922 0.060125
3 0.298547 0.731406 0.064781 0.064688
3 0.712828 0.779977 0.130656 0.080266
4 0.400406 0.450211 0.098250 0.037172
5 0.581813 0.675602 0.056062 0.099422
5 0.505141 0.651805 0.056062 0.099422
5 0.391211 0.395922 0.128516 0.078719
5 0.556945 0.386594 0.128516 0.078719
6 0.359086 0.574141 0.316922 0.447656
3 0.651102 0.750563 0.119984 0.069562
3 0.383688 0.714625 0.064781 0.064687
4 0.549133 0.426844 0.095797 0.075563
5 0.689633 0.524289 0.269359 0.200984
