6 0.375648 0.599680 0.166672 0.675328
6 0.115805 0.488094 0.210172 0.729219
6 0.207805 0.566000 0.194984 0.586750
5 0.890695 0.591984 0.210172 0.344375
5 0.123484 0.369156 0.220781 0.335500
6 0.885172 0.681820 0.168844 0.584203
2 0.746805 0.717445 0.131734 0.241266
2 0.384109 0.465055 0.171437 0.234922
2 0.552359 0.481727 0.155562 0.249203
2 0.688867 0.584898 0.155547 0.255547
2 0.207922 0.514266 0.177781 0.323813
6 0.750977 0.708766 0.142859 0.357156
6 0.685172 0.550867 0.106062 0.378578
6 0.550867 0.581172 0.166453 0.612344
