5 0.511781 0.620914 0.130875 0.103703
5 0.484625 0.392523 0.150625 0.175297
5 0.737703 0.374000 0.167906 0.192594
5 0.142664 0.806102 0.271578 0.167891
5 0.145117 0.551781 0.177766 0.074062
5 0.322891 0.686352 0.246906 0.140734
5 0.674750 0.796227 0.377781 0.227172
5 0.795734 0.693758 0.204938 0.116047
5 0.907125 0.646844 0.185750 0.239500
8 0.512984 0.546539 0.090687 0.062984
8 0.172078 0.698047 0.114500 0.040906
8 0.722945 0.226297 0.104109 0.032469
7 0.149352 0.670992 0.216234 0.208016
7 0.142859 0.463203 0.112344 0.155625
7 0.314937 0.578242 0.136156 0.127703
7 0.506492 0.536039 0.138734 0.134203
7 0.477273 0.277375 0.092859 0.106062
7 0.627703 0.637773 0.181594 0.190484
7 0.783547 0.595562 0.181594 0.175312
7 0.891883 0.493828 0.103891 0.149344
7 0.734844 0.227594 0.106281 0.106062
6 0.153789 0.735172 0.290047 0.376625
6 0.136367 0.502492 0.233984 0.283547
6 0.335500 0.649680 0.272937 0.357141
6 0.495672 0.568508 0.185938 0.259734
6 0.683984 0.727594 0.514937 0.452375
6 0.798695 0.634523 0.298922 0.318172
6 0.881008 0.597727 0.237984 0.404766
6 0.466453 0.369367 0.227063 0.363641
6 0.752164 0.365047 0.274672 0.450219
