6 0.425844 0.392930 0.065844 0.246922
2 0.529117 0.348805 0.062766 0.110391
2 0.497836 0.344477 0.077703 0.110391
2 0.425328 0.365039 0.088531 0.112547
2 0.357039 0.341234 0.051953 0.082250
2 0.262992 0.694047 0.275109 0.606062
6 0.394984 0.530789 0.555562 0.884766
6 0.358977 0.356922 0.067891 0.211937
6 0.509180 0.386758 0.076141 0.255141
6 0.677906 0.370297 0.125500 0.226344
2 0.677484 0.336906 0.082031 0.121219
0 0.220781 0.240578 0.199344 0.287875
0 0.361469 0.288203 0.047844 0.032469
0 0.429648 0.294695 0.053891 0.049797
0 0.435172 0.287117 0.047625 0.051953
0 0.476187 0.297945 0.034406 0.047609
0 0.509633 0.270891 0.045453 0.049781
0 0.524891 0.292211 0.049563 0.051734
