3 0.739180 0.947945 0.145234 0.077922
3 0.247836 0.944805 0.157797 0.084203
3 0.345234 0.938312 0.171219 0.114500
3 0.676406 0.942641 0.175531 0.088531
5 0.344047 0.364609 0.316031 0.452375
5 0.695883 0.444805 0.291984 0.474234
6 0.673758 0.520180 0.370359 0.883953
6 0.325609 0.517711 0.360500 0.948141
9 0.674992 0.442398 0.101234 0.106172
9 0.451539 0.434992 0.103703 0.111109
8 0.629320 0.180672 0.093828 0.056781
8 0.393508 0.134992 0.096297 0.044453
7 0.649062 0.154750 0.158031 0.177781
7 0.393516 0.112773 0.180250 0.153078
