1 0.830891 0.823727 0.115094 0.124734
2 0.535937 0.534141 0.245937 0.397031
6 0.376891 0.614680 0.566219 0.770641
1 0.551523 0.826094 0.107891 0.139063
2 0.811094 0.461641 0.346562 0.542031
4 0.123500 0.408867 0.118719 0.044328
4 0.215828 0.398086 0.118719 0.044328
0 0.182258 0.317742 0.157047 0.134359
4 0.577914 0.151086 0.113953 0.101891
0 0.429844 0.192453 0.175000 0.169156
0 0.531180 0.097695 0.157047 0.185859
6 0.244531 0.624172 0.489063 0.751656
4 0.465797 0.294352 0.118719 0.044328
6 0.718688 0.492812 0.562625 0.985625
6 0.590180 0.546164 0.578391 0.906422
0 0.078523 0.334539 0.157047 0.134359
