3 0.688305 0.663422 0.078141 0.084625
3 0.413422 0.694805 0.073375 0.116672
2 0.221859 0.391664 0.049562 0.047609
2 0.405734 0.393937 0.149344 0.208000
2 0.551953 0.367969 0.073813 0.082469
2 0.642859 0.419914 0.229219 0.233547
2 0.902703 0.394047 0.064937 0.138531
6 0.625523 0.475320 0.240734 0.506172
6 0.116266 0.362156 0.078188 0.197531
6 0.165648 0.393016 0.057609 0.107000
6 0.231500 0.388898 0.053500 0.086422
6 0.372445 0.485609 0.257203 0.588469
6 0.802484 0.397133 0.076125 0.213984
6 0.902273 0.402281 0.082297 0.302469
2 0.789937 0.404766 0.064938 0.108438
0 0.541125 0.317102 0.047406 0.054328
0 0.476297 0.326844 0.043281 0.047406
0 0.338750 0.312664 0.032687 0.036797
0 0.218617 0.358336 0.039172 0.036797
0 0.169805 0.367961 0.049797 0.052172
0 0.116992 0.296539 0.051953 0.047828
0 0.641773 0.255406 0.106266 0.073375
0 0.401516 0.248914 0.088531 0.086359
0 0.754227 0.311688 0.045453 0.052156
0 0.790039 0.328898 0.052172 0.069266
0 0.909094 0.303031 0.052156 0.052156
2 0.121320 0.349570 0.060609 0.088953
2 0.155953 0.393945 0.064938 0.078141
3 0.396102 0.725109 0.065141 0.095031
