6 0.716547 0.493195 0.292656 0.981422
5 0.718367 0.600938 0.238297 0.583562
5 0.285453 0.594805 0.238312 0.583578
5 0.564086 0.543984 0.238297 0.583562
7 0.376625 0.137414 0.161219 0.168234
7 0.744594 0.088352 0.161219 0.168234
7 0.574609 0.027500 0.161219 0.055000
7 0.223203 0.022266 0.114094 0.044531
9 0.344211 0.774438 0.124422 0.134938
9 0.490492 0.806852 0.124422 0.134953
8 0.371375 0.246945 0.154219 0.092891
6 0.312664 0.519453 0.292672 0.918281
6 0.543063 0.463375 0.292656 0.918281
4 0.571406 0.092844 0.130156 0.046031
4 0.216648 0.073000 0.106359 0.047625
4 0.707125 0.215055 0.141281 0.065078
