2 0.074086 0.438281 0.121391 0.222219
2 0.318945 0.435203 0.100828 0.117281
1 0.129641 0.550422 0.051438 0.088469
1 0.437258 0.432117 0.037047 0.045266
1 0.317875 0.542172 0.037062 0.047281
3 0.102891 0.780883 0.117281 0.072016
3 0.124500 0.754125 0.041156 0.039094
3 0.373469 0.577172 0.049375 0.039094
3 0.278820 0.603508 0.041141 0.069953
6 0.317820 0.484492 0.154328 0.281891
6 0.095609 0.543133 0.158438 0.572016
5 0.749922 0.420703 0.100813 0.154312
3 0.744867 0.660094 0.051453 0.051438
6 0.765352 0.482430 0.152266 0.401234
