5 0.882727 0.342602 0.203703 0.216047
8 0.839828 0.199242 0.121000 0.043297
8 0.715477 0.284633 0.093078 0.036578
8 0.453461 0.233875 0.106266 0.064938
8 0.199133 0.202383 0.116672 0.066891
9 0.909094 0.405953 0.117094 0.097406
9 0.775977 0.467422 0.062984 0.095250
9 0.660281 0.466773 0.064938 0.090922
9 0.531383 0.471102 0.097609 0.099578
9 0.405953 0.476086 0.097406 0.086578
9 0.297625 0.450219 0.114937 0.117094
9 0.101734 0.479766 0.082469 0.108219
10 0.861367 0.731930 0.095234 0.127703
10 0.711148 0.756820 0.127703 0.125547
10 0.529227 0.762953 0.123141 0.127844
10 0.452383 0.815305 0.090703 0.100953
6 0.876570 0.468289 0.246859 0.722953
6 0.731602 0.510492 0.311891 0.668828
6 0.485930 0.505086 0.304984 0.740266
6 0.188422 0.504000 0.376625 0.777063
7 0.214289 0.188312 0.203672 0.177281
7 0.846320 0.200219 0.151297 0.132250
7 0.734852 0.285719 0.136578 0.121000
7 0.468617 0.240258 0.162547 0.117109
5 0.219148 0.370383 0.296297 0.242797
5 0.484578 0.412563 0.259250 0.220156
5 0.741781 0.415656 0.242813 0.185187
