8 0.779695 0.543984 0.035047 0.024531
9 0.717477 0.293391 0.050828 0.070094
9 0.795414 0.263594 0.050828 0.070094
10 0.079586 0.774430 0.096391 0.061328
10 0.404617 0.768297 0.096391 0.061344
0 0.811883 0.518234 0.096828 0.087312
10 0.439664 0.654391 0.096391 0.061344
10 0.644703 0.512437 0.096375 0.061344
10 0.930352 0.501930 0.096391 0.061328
6 0.240812 0.635117 0.411813 0.371516
6 0.784898 0.312688 0.411828 0.466188
6 0.665727 0.649133 0.411828 0.371516
6 0.880453 0.866437 0.233094 0.196281
7 0.792742 0.113672 0.086047 0.051000
7 0.306477 0.489656 0.086047 0.051000
7 0.890039 0.787578 0.086047 0.051000
5 0.806328 0.237281 0.161906 0.166656
5 0.790453 0.642047 0.152375 0.185719
5 0.277758 0.576164 0.203172 0.142859
1 0.842844 0.760297 0.038094 0.038094
1 0.672203 0.575375 0.052375 0.068250
