7 0.421164 0.186844 0.138266 0.111125
7 0.282891 0.265859 0.158031 0.150625
8 0.412523 0.210305 0.096297 0.054328
8 0.036508 0.333789 0.073016 0.039453
7 0.769313 0.159688 0.237031 0.204937
7 0.036508 0.316477 0.073016 0.103703
6 0.732273 0.505367 0.483953 0.886422
5 0.090016 0.492781 0.180031 0.236625
5 0.814805 0.413570 0.323047 0.345672
5 0.398141 0.412539 0.234563 0.261328
6 0.423633 0.516469 0.355547 0.824688
6 0.263141 0.331289 0.177781 0.261734
6 0.134039 0.583141 0.268078 0.671594
9 0.643383 0.573258 0.074078 0.098766
9 0.419930 0.563383 0.081484 0.098766
9 0.398945 0.496719 0.054328 0.064187
9 0.286602 0.468320 0.091359 0.076547
9 0.045148 0.573258 0.090297 0.079016
8 0.724867 0.158445 0.039516 0.059266
