2 0.536234 0.481609 0.034531 0.046031
0 0.490195 0.456102 0.023016 0.013734
2 0.490180 0.498922 0.040266 0.060344
0 0.316133 0.453539 0.023016 0.015828
0 0.278688 0.457148 0.023031 0.015828
6 0.277141 0.490758 0.049719 0.126391
6 0.495727 0.522898 0.043516 0.169859
6 0.533031 0.495937 0.055938 0.153313
0 0.521852 0.444195 0.023016 0.015828
0 0.697391 0.454273 0.023031 0.015828
0 0.480125 0.447078 0.023031 0.015813
2 0.281594 0.488789 0.034531 0.046047
2 0.321852 0.494555 0.034547 0.046047
2 0.700984 0.507508 0.044594 0.069047
6 0.331016 0.509406 0.062156 0.167813
6 0.706039 0.517695 0.099453 0.171984
